1 1 1 1 1 1 1 1 1 1 1 1 21 21 21 21 21 21 1 1 1 1 1 1 1 1 1 1 1 1 1 1 1 1 21 21 21 21 21 21 21 21 21 21 21 21 21
6 6 6 6 6 5 5 5 5 5 5 5 5 6 6 6 6 6 6 5 5 5 5 5 5 5 5 5 5 5 5
5 5 5 5 5 5 5 5 5 5 5 5 5 5 5 5 5 5 5 5 5 5 5 5 5 5 5 5 5 5 5 5 5 5 5 5 5 5 5 5 5 5 5 5 14 14 14 14 14 14 4 4 4 4 4 4 4 4 4 4 12 12 12 12 12 12 12 15 15 15 15 9 9 9 9 9 9 9 9 9
1 1 1 1 1 1 1 1 1 1 1 5 5 5 5 5 5 5
16 16 16 16 16 16 16 16 16 16 16 16 16 16 16 1 1 1 1 1 1 1 1 1 1 1 1 1
11 11 11 11 5 5 5 14 14 14 14 14 14 14 14 14 15 15 15 15 15 15 15 15 15 15 15 15 15 15 15 15 9 9 9 9 9 9 9 9 4 4 4 4 4 4 1 1 1 1 1 1 1
18 18 18 18 0 0 0 0 1 1 1 1 1 1 1 1 18 18 18 18 18 18 18 18 1 1 1 1 1 1 1 1 1 1 1 1 1 1 1 1 1 1 1
1 1 1 1 1 1 1 1 1 1 1 1 1 11 11 11 11 11 11 11 11 11 11 11
1 1 1 1 1 4 4 4 4 4 4 4 4 4 4 4 4 4 4 4 4 4 4 4 1 1 1 1
13 13 13 13 13 13 13 13 13 13 1 1 1 1 1 1 1 1 1 1 1 1 1 1 1 1 1 1 1 1 1 13 13 13 13 13 1 1 1 1 1 13 13 13 13 13 13 13 13
18 18 18 18 1 1 1 1 1 1 1 1 1 1 18 18 18 18 1 1 1 1 1 1 1 1 1 1 1 1
7 7 7 7 7 7 7 1 1 1 1 7 7 7 7 7 7 7 7 7 7 1 1 1 1 1 1 1 1 1 1
10 10 10 10 10 10 17 17 17 17 17 17 17 17 6 6 6 6 6 6 6 6 6 6 6 6 6 1 1 1 1 1 1 1 1 10 10 10 10 10 10 10 10 10 10 10 10
0 0 0 0 0 0 0 0 0 0 0 0 0 0 1 1 1 1 1 1 1 1 1 1 1 1 1 1 1 1 1 1 1 1 1 1 18 18 18 18 18 18 18 18 18 18
1 1 1 1 1 1 1 1 1 1 18 18 18 18 18
5 5 5 5 5 5 5 5 5 5 5 5 1 1 1 1 1 1 1 1 1 1 1
1 1 1 1 1 1 1 1 1 1 1 1 1 1 1 12 12 12 12 12 12 12 12 12 12 12 12 12 12 12 12 13 13 13 13 13 13 13 13 13 13 13 13 13 13 13 13 13 13 13 13 13 13 13 13
18 18 18 18 18 0 0 0 0 0 0 0 0 0 0 1 1 1 1 1 1 1 1 1 1 1 1 1 1 1 1 0 0 0 0 0 0 0 0 0 0 0 0 0
5 5 5 5 1 1 1 1 1 1 1 1 1 4 4 4 4 4 4
11 11 11 11 11 9 9 9 9 9 9 9 9 9 9 9 9 9 9 9 9 9 9 6 6 6 6 6 6 6 6 6 6 6 6 6 6 12 12 12 12 12 12 12 12 12 12 12 12 12 12 12 12 12 12 12 12 12 12 12 12 12 12
18 18 18 0 0 0 0 0 1 1 1 1 1 1 1 1 1 1 1 1 1 1
1 1 1 1 1 1 1 1 1 1 1 1 1 1 1 1 1 1 1 11 11 11 11 11
15 15 15 15 15 15 15 18 18 18 18 18 18 18 18 18 18 18 18 18 18 18 18 18 18 18 18 18 18 18 18 15 15 15 15 18 18 18 18 15 15 15 15 15 15 15 15 15 15 15 15 15 15
6 6 6 6 6 11 11 11 11 11 11 11 11 11 11 11 11 11 11 5 5 5 5 5 5 5 5 5 5 5
5 5 5 5 5 6 6 6 6 6 12 12 12
0 0 0 0 0 0 0 0 0 0 1 1 1 1 1 1 1 1 1 1 1 1 1 1 1 1 18 18 18 18 18 18 18
19 19 19 19 18 18 18 18 18 18 18 18 18 18 18 18 18 18 18 18 18 18 18 18 18 18 18 18 18 19 19 19 19 19 19 18 18 18 18 18
1 1 1 1 1 1 1 1 1 1 1 1 1 8 8 8 8 8 8 8 8 1 1 1 1 1 1 1 1 1 8 8 8 1 1 1 1 1 1 1 1 1 1 1 1 1 1 1 1 1 1 1 1 1 1 1 1
1 1 1 1 1 1 1 1 1 1 1 1 1 1 1 11 11 11 11 11 11 11 11 11 11 11 11 11 11
4 4 4 5 5 5 5 5 5 5 5 5 5 5 5 5 5 5 5 5 5 5 5 5 5 4 4 4 4 4 4 4 4 4 4 4 4 4 4 4 4 4 4 4 4 4 4 4 4 4 4
5 5 5 5 5 5 5 5 5 5 5 5 5 5 5 11 11 11 11 11 11 18 18 18 18 18 18 12 12 12 12 12 12 12 12 12 12
1 1 1 1 1 1 1 1 1 1 1 1 1 1 21 21 21 21 21 21 21 21 21 21 21 1 1 1 1 1 1 1 1 1 1 1 1 21 21 21 21 21 21 21 21 21 21 21 21 21 21 21 1 1 1 1 1 1 1 1 1 1 1
4 4 4 4 4 4 4 4 4 4 4 4 4 4 4 4 4 4 4 4 18 18 18 18 1 1 1 1 1 1 1 1 1 1 1 1 4 4 4 4 4 4 4 4 4 4 4 4 4 18 18 18 18 18 18 18
11 11 11 11 11 11 1 1 1 11 11 11 11 11 11 11 11 11 11 11 11 11 1 1 1 1 1 1 1 1 1 11 11 11 11 11 11 11 11
1 1 1 1 1 1 1 1 1 1 1 0 0 0 0 0 0
6 6 6 6 6 6 12 12 12 12 12 12 12 12 12 12 12 12 12 12 5 5 5 5 5 5 18 18 18 18 18 18 18
5 5 5 5 5 5 12 12 12 12 12 12 5 5 5 5 5 5 5 12 12 12 12 12 12 12 12 12 12 12 12 12 12
5 5 5 5 5 5 5 1 1 1 1 1 1 1 1 1 5 5 5 5 5 5 5 5 5 5
0 0 0 0 0 0 0 18 18 18 18 18 18 18 18 18 18 18 18 18 18 18
19 19 19 19 18 18 18 18 18 18 18 18 18 18
1 1 1 1 1 1 1 1 1 1 1 21 21 21 21 21 21 21 21 21 21 21 21 21 21 21 21 21 21 21 21 21 21 21 21 21 21 1 1 1 1 1 1 1 21 21 21 21 21 21 21 21
4 4 4 4 4 4 4 4 4 4 4 4 1 1 1 1 1 1 1 1 1 1 1 1 1 4 4 4 4 4 4 4 4 4 4 4 4 4 1 1 1 1 1 1 1 1 1 1 1 1 1 1 1 1 4 4 4 4 4 4 4 4 4 4 4 4 4 4 4 4 4 4 4 4 4
5 5 5 5 5 5 5 5 5 5 5 5 5 5 5 18 18 18 18 18 18 18 18 18 18 18 5 5 5 5 5 5 5 5 5 5 18 18 18 18 18 18 18 18 18 18 18 18 18 18 7 7 7 7 7 7 7 7 7 7 7 7 7 7 7 7 7 7 7 7 7 7 7
1 1 1 1 1 1 1 1 1 1 1 1 1 11 11 11 11 11 11 11 11 11 11 11 11 11
4 4 4 4 4 4 4 4 4 4 4 1 1 1 1 1 1 1 1 1 1 1 4 4 4 4 4 4 4 1 1 1 1 1
1 1 1 1 1 1 1 1 1 1 1 1 16 16 16 16 16 16 16 16 16 16 16 16 16 16 5 5 5 5 5 5 5 7 7 7 7 7 7 7 7 7 7 7 4 4 4 4 4 4 4 13 13 13 13 13 13
1 1 1 1 1 1 18 18 18 18 18 18 18 18 18 18 18 18 18 20 20 20 20 20 20 20 20 20 20 20 20 20 20 20 20 20 20 20 20 20 20
1 1 1 1 1 1 1 1 1 1 1 1 1 1 1 1 1 1 1 1 1 4 4 4 4 4 4 4 4 4 4 4 15 15 15 15 15 15 15 11 11 11 11 11 11 11 11 11 11 11 11 11 11 11 11 11 11 11 11 11 11 11 11 11 11 11
5 5 5 5 5 12 12 12 12 12 12 12 12 12 12 12 12 12 12 12 12 12 12 17 17 17 17 4 4 4 4 4 4 4 4 4 4 4 4 4
6 6 6 6 6 6 6 6 6 6 6 6 6 6 1 1 1 1 1 1 5 5 5 5 5 5 5 5 5 5 5 5 5 5 5 5 6 6 6 6 6 6 6 6 6 6 6 6 1 1 1 1 1 1 1 1
1 1 1 1 1 1 0 0 0 0 0 0 0 0 0 0 0 0 0 18 18 18 18 18 18 1 1 1 1 1 18 18 18 18 18 18 18 18 18
1 1 1 1 1 1 1 4 4 4 4 4 4 4 4 4 4 4 5 5 5 5 5 5 5 5 5
7 7 7 7 7 7 7 7 12 12 12 12 12 12 12 12 12 12 12 12 12 12 12 12 12 12 10 10 10 10 10 10 10 10 10 10 10 10 10 10 10 10 10 10 7 7 7 7
5 5 5 5 5 4 4 4 4 4 4 4 4 4 1 1 1 1 1 1 1 5 5 5 5 5 5 5 5 5 5 5 5
18 18 18 18 18 18 18 18 18 18 18 18 18 18 18 18 18 18 1 1 1 1 1 1 1 1 13 13 13 13 13 13 13
1 1 1 1 1 1 1 1 18 18 18 18 18 18 18 18 1 1 1 1 1 1 1 1 1
19 19 19 19 19 19 19 19 19 19 19 19 19 19 19 18 18 18 18 18 18 18 18 18 18 18 18 18 19 19 19 19 19 18 18 18 18 18 18 18 18 18 18 18 18 18 18 19 19 19
18 18 18 18 18 18 18 1 1 1 0 0 0 0 0 0
15 15 15 15 15 15 15 15 15 15 10 10 10 10 10 10 10 10 10 15 15 15 15 15 15 15 15 15 15 15 15 15 15
1 1 1 1 1 1 18 18 18 18 18 18 18 18 1 1 1 1 1 1 1 1 1 18 18 18 18 18 18 18 18 18 1 1 1 1 1 1 1 1
1 1 1 1 1 1 1 1 18 18 18 18 18 18 1 1 1
0 0 0 0 0 0 0 0 0 0 0 0 0 0 1 1 1 1 1 1 1 1 1 0 0 0 0 18 18 18 18 18 18 18 18 18 18 18 18 18 18 18 18 18 18
1 1 1 12 12 12 12 12 12 12 1 1 1 1
11 11 11 11 11 11 11 11 11 11 11 11 1 1 1 1
1 1 1 1 1 1 1 1 1 1 1 1 1 1 1 1 4 4 4 4 4 1 1 1 1 1 1 1 1 1 1 1 1 1 1 1 1 1 1 1 4 4 4 4 4 4 4 4 4 4 4 4
4 4 4 4 4 4 4 4 4 4 5 5 5 5 5 5 5 5 5 5 1 1 1 1 1 1 1 1 1 1 1 1 1 1 1 1 1 1 1 1 1 1 1
5 5 5 5 5 5 5 5 5 4 4 4 4 4 4 4 4 4 4 4 4 4 4 4 4 4 4 4 4 4 4 4 5 5 5 5 5 5
18 18 18 18 18 18 18 18 18 1 1 1 1 1 18 18 18 18 18 18 18 18 18 1 1 1 1 1 1 1 1 1 1 1 1 18 18 18 18
4 4 4 4 4 4 4 1 1 1 1 1 1 1 1 1 1 5 5 5 5 5 5 5 5 5 5 4 4 4 4 4 4 4 4 4 4 5 5 5 5 5 5 5 5 5 5 5
11 11 11 11 11 11 1 1 1 1 1 1 1 1 1 1 1 1 11 11 11 11 11 11 11 11 11 11 11 11 11 11 11 11 11 11 11 11 11 11 11 1 1 1 1 11 11 11 11 11 11 11
1 1 1 1 1 1 1 1 1 1 1 1 1 1 1 1 1 1 1 1 1 8 8 8 8 8 8 8 8 8 8 8 8 8 1 1 1 1 1 1 1 1 8 8 8 8 8 8 1 1 1 1 1 1 1 1 1 1 1 1
9 9 9 9 9 9 9 9 9 9 17 17 17 17 9 9 9 9 9 9 9 9 9 9 9 9 9
4 4 4 4 4 4 5 5 5 5 5 4 4 4 4 4 4 4 4 4 4 4 5 5 5 5 5 5 5 5 5 5 5 4 4 4 4 4 4 4 4 4 4 4 4 4 4 4 4 4 4 4
1 1 1 1 1 1 1 18 18 18 18 18 1 1 1 1 1 1 1 1 1 1 1 1 18 18 18 18 18 18 18 18 18 18 18 18 18 18 18 18
1 1 1 1 1 1 1 1 1 1 1 1 1 1 1 1 1 8 8 8 8 8 8 8 8 8 8 8 8 8 8 8 8 8 8 8 8 8 8 8 8 8 8 8 8 8 8 8 8 8 8 8 8 8 8 8 8 8 5 5 5 5 5 5 1 1 1 1 1 1 1 8 8 8 8 8 8 8 8 8 8 8 8 8 8 8 8 8 8 8 8 8 8 8 8 8 8 8 8 8 8 8 8 8
18 18 18 18 1 1 1 1 1 1 1 1 1 1 1
8 8 8 8 8 8 11 11 11 11 11 11 11 11 11 8 8 8 8 8 8 11 11 11 11 11 11
4 4 4 4 4 4 4 4 5 5 5 5
18 18 18 18 18 18 0 0 0 0 0 0 1 1 1 1 1 1 1 1 1 1 1 1 1 1 1 1 1
11 11 11 11 11 11 11 11 11 11 11 11 18 18 18 18 11 11 11 11 11 11 11 11 11 11 11 11 11 11 11 11 11 11 18 18 18 18 18 18 18 18 18 18 11 11 11 11 11 11 11 11 11 11 11 11
18 18 18 18 18 18 18 18 18 18 1 1 1 1 1 1 18 18 18 18 18 18 18 18 18 18 18 18 18 18 18 18 18 18 18 18 18 18 18 18 18 18 18 18 18 18 18 18 18 18 1 1 1 1 1 18 18 18 18 18 18 18 18 18 18
1 1 1 1 18 18 18 18 18 18 18 18 0 0 0 0 0 0
1 1 1 1 11 11 11 11 11 11 11 11 1 1 1 1 1 1 1 1 1 1 1 1 1 1 1 1 1 1 1 11 11 11 11 11 11 11 11 1 1 1 1 1 1 1 1 1 1 1 1 1 1
1 1 1 1 1 1 1 1 1 1 1 1 1 1 1 1 1 1 1 1 0 0 0 0 0 0 0 0 0 0 18 18 18 18 18 18 18
7 7 7 1 1 1 1 7 7 7 7 1 1 1 1 1 1 1
15 15 15 15 15 15 15 15 15 15 15 15 15 15 15 15 15 15 15 15 15 15 15 15 15 4 4 4 4 4 4 4 4 4 4 1 1 1 1 1 1 1 1 1 1 1 1 1 1 1 1 1 1 1 1 1 1 5 5 5 5 5
13 13 13 13 13 13 13 13 13 13 1 1 1 1 1 1 1 1 1 1 1 1 13 13 13 13 13 13 13 13 13 1 1 1 1 1 1 1 1 1 1 1 1 1 1 1 1 1 1 1 1 1
5 5 5 13 13 13 13 13 13 13 13 13 13 13 13 13 5 5 5 5 5 13 13 13 13 13 13 13 5 5 5 5 5 5 5 5 5 5
5 5 5 5 5 5 5 5 5 5 5 5 4 4 4 4 4 4 4 4 1 1 1 1 1 1 1 1
1 1 1 1 1 1 1 1 1 1 10 10 10 10 10 10 10 10 10 10 10 10 10 10 10 10 10 10 10 9 9 9 9 9 9 9 9 9 9 9 9 9 9 9 9 9 9 9 9 9 5 5 5 5 5 5 14 14 14 14 14 14 14 14 14 14 14 14
1 1 1 1 1 1 1 1 1 4 4 4 4 4 4 4 4 4 4 4 4 4 15 15 15 15 15 15 15 15 15 15
4 4 4 4 4 4 4 4 4 4 4 4 4 4 4 5 5 5 5 5 5 5 5 4 4 4 4 4 4 5 5 5 5 5 5 5 5 5 5 5 5 4 4 4 4 4 4 4 4 4 4 4 4 4 4 4 4 4 4 4 4 4 4
5 5 5 1 1 1
5 5 5 5 5 5 5 5 5 5 5 5 5 5 5 5 5 5 5 5 5 5 5 5 5 5 5 5 18 18 18 18 18 18 18 18 18 18 18 18 18 18 18 18 18 18 18 18 6 6 6 6
18 18 18 19 19 19 19 19 19 19 19 19 19 19 19 18 18 18 18 18 18 18 19 19 19 19 19
6 6 6 6 6 6 6 6 6 6 6 6 6 6 6 6 5 5 5 5 5 5 5 5 5 5 18 18 18 18 18 18 18 18 18 18 18 18 18
19 19 19 19 19 19 1 1 1 1 1 1 1 1 18 18 18 18 18 18 18 0 0 0 0
18 18 18 18 18 18 18 18 18 18 1 1 1 1 1 1 1 1 1 1 18 18 18 18 18 18 18 18 18 18 18 18 1 1 1 1 1 1 1 1 1 1 1 1 1 1 1 0 0 0 0 0 0 0 0 0 0
1 1 1 7 7 7 7 7 5 5 5 5
7 7 7 7 7 7 7 7 7 7 7 7 7 7 1 1 1 1 1 1 5 5 5 5 5 5 5
1 1 1 1 1 1 1 1 1 1 1 1 18 18 18 18 18 18 18 18 18 18 18 18 18 18 18 18 18 18 18 18 18 18 18 18 18 18 18 18 18 1 1 1 1 18 18 18 18 18 18 18 18 18
7 7 7 7 7 1 1 1 1 1 1 1 1 1 1 1 1 1 1 1 1 1 1 1 1 1 1 1 1 1 1 1 1 1 1 1 1 1 1 7 7 7 1 1 1 1 1 1 1 1 7 7 7 7 7 7 7 7 7 7 7 7 7 7 7 7
8 8 8 8 8 8 8 8 8 8 1 1 1 1 1 1 1 1 1 8 8 8 8 8 8 8 8 8 8 8 8 8 1 1 1 1 1 1 1 8 8 8 8 8 8 8 8 8 8 8 8 8 8 8 8 8 8 8 8 8 8 8 8 8
1 1 1 1 1 0 0 0 18 18 18 18 18 18 18
5 5 5 5 5 5 5 5 5 5 6 6 6
4 4 4 4 4 4 4 4 4 4 4 4 4 4 4 4 4 5 5 5 5 5 5 1 1 1 1
18 18 18 18 18 18 18 18 0 0 0 0 0 0 1 1 1 1 1
18 18 18 18 18 18 18 6 6 6 6 6 6 6 6 18 18 18 18 18 6 6 6 6 6 6 6 6 6 6 6 6 18 18 18 18 18 18 18 18 18 18 18 18 18 18 18 18 18 18 18 18
1 1 1 1 0 0 0 0 0 0 18 18 18 18 18 18
1 1 1 1 1 18 18 18 18 18 18 18 1 1 1
11 11 11 11 11 11 11 11 11 11 11 11 11 5 5 5 5 5 5 5 5 5 15 15 15 15 15 15 15 15 15
5 5 5 5 4 4 4 4 4 4 4 4 4 4 5 5 5 1 1 1 1 1 1 1
15 15 15 15 1 1 1 1 1 1 1 1 1 1 1 1 1 1 1 1 1 1 11 11 11 11 1 1 1 1 1 1 1 1 1 1 11 11 11 11 11 11 11 11 11 11 11 11 11 11 11 11 11 11 11
11 11 11 11 11 11 11 11 11 11 11 11 11 11 11 11 11 11 1 1 1 1 1 1 1 1 1 1 1
5 5 5 5 5 5 5 18 18 18 18 18 5 5 5 5 5 5 5 5 5
5 5 5 5 5 5 5 5 5 5 5 5 5 5 3 3 3 3 3 3 3 3 3 3 3 3 3 3 3 3 3 3 3 3 3 3 3 3 3 3 3 3 1 1 1 1 1 4 4 4 4 4 4
18 18 18 18 18 18 18 18 18 18 18 18 18 1 1 1 1 1 1 1 1 1 1 1 18 18 18 18 18 1 1 1 1 1 1 1 1 18 18 18 18 18 18 18 18 18 18 18 18 18
1 1 1 1 1 1 1 1 1 1 1 12 12 12 12 12 12 12 12 12 7 7 7 7 7 5 5 5 5 5 5 5 5 5 5
11 11 11 11 11 11 11 11 11 11 11 11 11 11 11 11 1 1 1 1 11 11 11 11 11 11 11 11 11 11 11 11 11 11
1 1 1 1 1 1 1 1 1 1 1 1 18 18 18 18 1 1 1 1 1 1 1 1 1 1 1 1 1 1 18 18 18 18 18 18 18 18 1 1 1 1 1 1 1 1 1
5 5 5 5 5 5 5 5 5 5 5 5 5 5 5 5 7 7 7 1 1 1 1 1 1 1 1 1 1 1 1 1 1 1 1 1 1 1
18 18 18 18 18 18 18 18 18 18 18 18 18 18 18 18 1 1 1 1 1 1 1 1 1 1 1 1 1 1 1
1 1 1 1 1 1 1 1 1 1 1 1 1 1 1 1 1 1 1 1 1 12 12 12 12 12 12 1 1 1 1 1 1 12 12 12 12 12 12 12 12 12 12 12 12
2 2 2 2 2 2 2 2 2 2 2 2 2 2 2 2 2 12 12 12 12 12 12 12 12 12 12 12 12 12 2 2 2 2 2 2 2 2 1 1 1 1 1 1 1 1 1 1 1 1 1 1 1 12 12 12 12 12 12 12 12 12 12 12
0 0 0 0 0 0 0 0 0 1 1 1 1 1 1 1 1 1 1 1 1 18 18 18 18 18 18 18 18 18 18 18 18 18 18 18 18 18 18 18 18 18 18 18 18 18 18 18 18 18 18 18 18 18
3 3 3 3 3 3 3 3 9 9 9 9 9 9 9 9 9 9 9 9 3 3 3 3 3 3 3
18 18 18 18 18 1 1 1
5 5 5 5 5 5 5 5 5 5 5 5 5 5 5 5 5 1 1 1 1 1 1 1 1 5 5 5 5 5 5 5 5 5 5 5 1 1 1 1 1 1 1 1 1 1 1 1 1 1 5 5 5 5
1 1 1 1 1 1 1 1 1 1 1 1 1 11 11 11 11 11
1 1 1 1 1 1 1 1 1 1 1 1 1 1 1 1 1 1 1 1 1 1 1 1 4 4 4 4 4 4 4 4 4 4 4 4 4 17 17 17 17 17 17 17 17 17 17 17 4 4 4 4 4 4 4 4 4 4 4 4 4 4
1 1 1 0 0 0 0 0 0 0 0 0 1 1 1 1 1 1 1 0 0 0 0 0 0 0 0 0 0 0 0 0 0 0 1 1 1 1 1 1
3 3 3 3 3 3 3 3 17 17 17 17 17 17 17 17 17 17 17 17 17 9 9 9 9 9 9 9 9 9 1 1 1
1 1 1 1 1 1 1 1 1 1 1 12 12 12 12 12 12 12 12 12 12
0 0 0 0 0 0 0 0 0 0 0 0 18 18 18 18 18 18 2 2 2 2 2 2 2 2 2 2 2 2 2 2 2 2 2 2 1 1 1 1 1 1 1 1 1 1 1 1 1
18 18 18 18 18 18 18 18 15 15 15 15 15 15 15 15 15 15 15 15 15 15 15 15 15 15 15 15 15 15 15 15 15 15 15 15 15 15
10 10 10 10 10 10 10 10 10 10 10 10 1 1 1 1 1 1 1 1 1 10 10 10 10 10 10 10 10 10
18 18 18 18 18 18 18 18 18 18 18 18 18 18 18 6 6 6 6 11 11 11 11 11 11 11 11 11 11 11 11
9 9 9 3 3 3 3 3 3 3 3 3 3 3 3 3 3 3 3 3 3 18 18 18 18 18 18 18 18 9 9 9 9 9 9
10 10 10 10 10 10 1 1 1 1 1 1 1 1 1 1 1
11 11 11 11 11 11 11 11 11 1 1 1 1 1 5 5 5 5 5 5 5 5 5 5 5 5 5 5 5 5 5 5 5 5 5 5 5 5 5 5
18 18 18 18 18 18 18 1 1 1 1 18 18 18 18 18 18 18 18 18 18 18 18 18 1 1 1 1 18 18 18 18 18 18 18 18 18 18
16 16 16 16 16 16 16 16 16 16 16 16 16 4 4 4 4 4 4 4 4 1 1 1 1 1 1 1 1 5 5 5 5 5 5 5 5 5 5 5 5 5 5 5 5 5 5 5
8 8 8 8 8 15 15 15 15 15 15 15 15 15 15 15 15 15 15 15 6 6 6 6 6 6 6 9 9 9 9 9 12 12 12 12 12 12 12 12 12 12 12
1 1 1 1 1 1 1 1 1 1 1 21 21 21 21 21 21 21 21 21 21 21 21
1 1 1 1 1 1 1 13 13 13 13 13 13 13 13 13 13 13 13 13 13 13 1 1 1 1 1 1 1 13 13 13 13 1 1 1 1
4 4 4 4 4 4 4 4 4 4 4 4 4 4 4 4 4 4 4 4 4 4 4 5 5 5 5 5 5 4 4 4 4 4 4 4 4 4 4 4 5 5 5 5 5 5 5 5 4 4 4 4 4 4 4 4 4 4 4 4 4 4 4 4 4 4 4 4 4 4
1 1 1 1 1 1 1 1 1 1 1 1 1 18 18 18 18 18 18 18 18 18 18
1 1 1 1 1 1 1 1 1 1 1 1 1 1 7 7 7 7 5 5 5 5 5 5 5 5 5 5 5 5 5 7 7 7 7 7
1 1 1 1 4 4 4 4 4 4 4 4 4 4 1 1 1 1 1 1 1 5 5 5 5 5 5
15 15 15 15 15 15 15 15 15 5 5 5 5 4 4 4 4 4 4 4 4
1 1 1 1 1 1 1 1 1 1 1 15 15 15 15 15 15 11 11 11 11 11 11
4 4 4 4 4 4 4 4 4 4 4 4 4 4 4 4 4 17 17 17 17 17 17 1 1 1 1 1 1 1 1 1
1 1 1 1 1 1 1 1 1 1 1 1 1 1 18 18 18 18 18 18 18 1 1 1 1 1 1 1 1 0 0 0 0 0 0 0 0 0 0 0 0 0 0 0 0 0 0 0 0 0 0 0 0 0 0
5 5 5 5 5 5 5 5 5 1 1 1 1 1 1 1 5 5 5 5 4 4 4 4 4 4 4 4 4 4 4 4 4 4 4 4 4 4 4 4 4 4 4 4 4 4 4 4 4 4
1 1 1 1 1 1 1 1 1 1 1 1 1 11 11 11 11 11 11 11 11 11 11 11 11 11 11 11 11 11 11 1 1 1 1 1 1 11 11 11
1 1 1 1 1 1 1 12 12 12 12 12 12 12 1 1 1 1 1 1 1 1 1 1 1 1 1 1 1 1
20 20 20 20 20 20 20 20 20 20 20 20 20 20 12 12 12 12 12 12 12 12 12 20 20 20 20 20 20
0 0 0 0 0 18 18 18 18 18 18 18 18 18 18 18 1 1 1 1 1 1 1 1 1 0 0 0 0 0 0
0 0 0 0 0 18 18 18 18 18 18 18 18 18 0 0 0 0 0 0 0 18 18 18 18 18 18 18 18 18 1 1 1 1 1 1 1 1 1 1
5 5 5 5 5 5 5 5 5 5 5 5 5 5 5 5 5 5 5 5 1 1 1 1 1 1 1 1 1 4 4 4 4 4 7 7 7 7 7 7
1 1 1 1 1 1 1 1 1 1 1 18 18 18 18 18 18 18 18 18 18 18 18 18 18 18 18 18 18 12 12 12 12 12 12 12 12 12 12 12 12 12 12 7 7 7 7 7 7 7 7 7 7 7 5 5 5 5 5 5 5 5 5 5 5
0 0 0 0 0 0 0 0 0 0 0 18 18 18 18 18 18 18 18 18 18 18 18 18 18 18 18 18
18 18 18 18 18 18 18 18 18 18 18 1 1 1 1 1 1 1 1 1 1 1 18 18 18 18 18 18 18
16 16 16 16 16 16 16 16 16 16 16 16 16 16 16 5 5 5 1 1 1 1 1 4 4 4 4 4 4 4 4 4 4 4 4 4 4 4 4 4
21 21 21 21 21 21 21 1 1 1 1 1 1 1 1 21 21 21
1 1 1 1 1 1 1 1 17 17 17 17 17 17 17 17 17 17 17 17 17 17
5 5 5 4 4 4 4 4 4 4 4 4 4 4 4 4 4 4 4 4 4 4 4
1 1 1 1 4 4 4 4 4 4 4 4 4 4 4 1 1 1 1 1 1 4 4 4 4 4 4 4 4 4 4 4 4 4 1 1 1 1 1 1
1 1 1 1 1 1 1 1 1 1 1 1 1 1 1 1 13 13 13 13 13 13 13 13 13 13 5 5 5 5 5 5 5 5 5 5 5
4 4 4 4 4 4 4 4 4 1 1 1 1 1 1 5 5 5 5 5 5 5 5 5 5 5 5 5
18 18 18 18 18 18 18 18 18 18 18 1 1 1 1 1 18 18 18 18 18 18 18 1 1 1 1 1 1 1 0 0 0 0 0 0 0 0 0 0
11 11 11 11 11 11 11 5 5 5 5 5 5 5 5 5 5 11 11 11 11 11 11 11 11 11 11 11 11 7 7 7 7 7 7 7 7 7 7 7 7
19 19 19 19 19 18 18 18 18 18 18 18 18 18 18 18 19 19 19 19 19 19 19 19 19 19 19 19 19 19 19 19 19 19 19 19 19 19 19 19 19 1 1 1 1 1 1 1 1 1 1
1 1 1 1 1 1 1 0 0 0 0 0 0 0 0 1 1 1 1 1 1 1 1 0 0 0 0 0
14 14 14 14 14 14 14 14 14 14 19 19 19 19 19 19 18 18 18 18 18 18 18 18 18 18 9 9 9 9 9 9 9 9 9 9 9 9 9 9 9 9 9 9 9 9 9 18 18 18 18 18 18
1 1 1 1 1 1 1 1 1 1 1 1 1 1 1 1 1 1 11 11 11 11 11 11 11 11 11 11 12 12 12 12 12 12 12 12 12 12 12 12 12 11 11 11 11 11 11 11 11 11 11 12 12 12 12 12 12 12 12 12 12 12 12
18 18 18 18 18 18 18 18 1 1 1 1 1 18 18 18 18 18 18 18 18 18 18 18 18 18 18 18 18 18 18 18 18 18 18 18 18 18 18 1 1 1 1 1 1 1 1 1 1 1 1 1 1 1 1 1 1 1 1
9 9 9 9 9 14 14 14 14 14 14 14 9 9 9 9 9 9 9 9 9 14 14 14 14 14 14 14 14 14 14 14 14 14 14 14 14 14 14 14 14 14 14 14 14 14 14 14 14 14 14 12 12 12
1 1 1 1 1 1 1 1 1 1 1 1 1 20 20 20 20 20 20 20 20 20 20 21 21 21 21 21 21 21 21 21
5 5 5 6 6 6 6 6 6 6 6 6 6 6 5 5 5 5 5 5 5 5 5 5 5 6 6 6 6 6 6 6 6 6 6 6 6 6 6 6
21 21 21 21 21 1 1 1 21 21 21 21 21 21 21 21 21 21 21 21 21 21 21 21 21 21 21 21 21 21 21 21 21 21 21 21 21 21 21 21 21 21 21 21 21 21 21 21 21 21
12 12 12 12 12 12 12 12 12 12 12 12 12 12 12 12 18 18 18 18 18
1 1 1 1 1 1 1 1 1 1 1 0 0 0 0 0 0 18 18 18 18 18 18 18 18 1 1 1 1 1 1 1 1 1 1 1 1 1 1 1 1 1 1
5 5 5 5 5 5 5 5 5 5 5 7 7 7 7 7 7 7 7 7 1 1 1 1 1 1 1 5 5 5 5 5 5 5 5 5 5 5
18 18 18 18 18 18 18 18 18 18 18 18 19 19 19 19 19 19 19 19 19 19 19 19 19 19 19 19 19 19 19 19 19 19 19 19 19 18 18 18 18 18 18 18 18 18 18 18 18 18 18 18 18 18 18 18 18 18 18 18 18 18 18 18 18 18 18 18
13 13 13 13 13 13 13 13 13 13 13 13 5 5 5 5 1 1 1 1 1 13 13 13 13 13 13 13 13 13 13 13 13 13 13 13
7 7 7 7 7 7 7 7 7 7 7 7 5 5 5 5 5 5 7 7 7 7 7 7 7 7 5 5 5 5 5 5 5 1 1 1 1 1 1 1
4 4 4 4 4 4 4 4 4 4 4 4 4 1 1 1 1 1 1 1 1 1 1 4 4 4 4 4 4 4 1 1 1 1 1 1 1 1 1 1 1 1 1 1
13 13 13 13 13 13 13 13 13 13 13 13 13 13 13 13 1 1 1 1 1 1 11 11 11 11 11 11 11 11 11 11 11 11 11 11 11 11 11 11 11 11 11
4 4 4 4 4 4 4 4 4 4 4 4 4 4 4 4 4 4 4 1 1 1 1 1 1 1 1 1 9 9 9 9 9 9 9 9 3 3 3 3 3 3 3 3 3 3 3 3 3 3 3 3 18 18 18 18 18 18 18
12 12 12 12 12 12 12 1 1 1 1 1 1 1 1 1 1 1 5 5 5 5 5 5 5 5 5 5
11 11 11 11 11 11 11 11 11 11 1 1 1 1 1 1 1 1 1
4 4 4 4 4 4 4 4 17 17 17 17 17 17 17 17
9 9 9 9 6 6 6 6 6 6 6 6 6 6 6 6 6 6 6 6 9 9 9 9 9 9 9 9 9 9 6 6 6 6 6 6 6 6 6 6 6 6 6 6 9 9 9 9 9 9 9 9 9 9 9 9 9 9 9 9 9 9 9 9 9 9 9 9 9 9 9 9 9 9 9 9 9 9 9 9 9 9 9 9 9
13 13 13 13 13 13 13 13 13 13 13 13 13 13 13 13 13 13 13 13 13 13 13 13 13 13 18 18 18 18 18 18 18 18 18 18 1 1 1 1 1 1 1 1 1 1 1 1 1 1 1 1 1 1 1 1 1 13 13 13 13 13 13 13 13 13 13 13 13 13 13 13 13 13 13 13 13 13 1 1 1 1 1 1 1 1 1 1
1 1 1 1 1 1 1 1 1 1 1 1 1 1 1 1 18 18 18 0 0 0 0 0 0 0 0 0 0 0 0 0
7 7 7 7 7 7 7 7 7 7 7 5 5 5 5 5 5 5 5 5 5 11 11 11 11 11 11 11 11
0 0 0 0 0 0 18 18 18 18 18 18 18 18 18 18 18 18 18 18 18 18 18 18 18 18 18 18 18 1 1 1 1 1 1
18 18 18 18 18 18 18 18 18 18 18 19 19 19 19 19 19 19 19 19 19 19 19 19 19 19 19 19 18 18 18 18 18 18 18 18 18 18 18 18 18 18 18 18 18 18 18 18 18 18 18 18 18 18 18 18 18 18 18 18 18 18 18 18 18 18 18 18 18 18 18 19 19 19 19 19 19 18 18 18 18 18 18 18 18 18 18 18 18 18
7 7 7 7 7 7 7 7 7 7 7 7 7 7 7 7 7 7 15 15 15 15 15 15 15 15 15 15 15 15 15 15 15 15 15
1 1 1 1 1 1 1 1 1 1 1 1 1 18 18 18 18 18 18 18 1 1 1 1 1 1 1 1 1 1 1 1
18 18 18 18 18 18 18 1 1 1 1 1 1
18 18 18 18 18 18 18 18 19 19 19 19 19 19 19 19 19 19 19 19 19 19 19 19 19 19 19 9 9 9 9 9 9 9 9 9 9 9 9 9 9 9 9 9 9 9 9 9 9 9 9 9 9 9 9 9 9 9
1 1 1 1 1 1 1 21 21 21 21 21 21 21 21 21 21 21 21 21 21 21 21 21 21 21 21 1 1 1 1 1 1 1 1 1 1
4 4 4 4 4 4 4 4 1 1 1 1 18 18 18 18 18 18 18 18 18 18 18
1 1 1 1 0 0 0 0 0 0 0 0 0 0 0 0 0 0 0 0 0 0 0 1 1 1 1 18 18 18 18 18 18 18 18 18 0 0 0 0 0
1 1 1 1 1 1 1 1 1 1 1 1 1 1 1 1 18 18 18 18 18 18 1 1 1 1 1 1 1 1 1 1 1 1 18 18 18 18 18 18 2 2 2 2 2 2 2 2 2 2 2 2 2 2 2 2
5 5 5 5 5 5 5 5 5 5 5 5 5 5 5 5 1 1 1 1 1 1 1 1 1 1 1 1 1 1 5 5 5 5 1 1 1 1 1 1 1 1 1 1 1 5 5 5
18 18 18 18 18 18 18 18 18 18 18 18 18 18 18 1 1 1 18 18 18 18 18 18
13 13 13 13 13 13 13 13 13 13 13 13 13 13 13 13 13 13 1 1 1 1 1
11 11 11 11 11 11 11 11 11 5 5 5 5 5 5 5 5 5 5 7 7 7 7 7 7 7 7 7 7 7 5 5 5 5 5 5 5 5 5 5 5 5 5 5 5 5 5 1 1 1 1 1 1 1 1 1
1 1 1 1 1 1 1 1 1 1 1 1 18 18 18 18 18 1 1 1 1 18 18 18 18 18 18
18 18 18 18 18 18 18 18 19 19 19 19 19 19 19 19 19 18 18 18 18 18 18 18 18 19 19 19 19 19 19 19 19 18 18 18 18
7 7 7 7 7 7 7 7 5 5 5 5 5 5 5 5 7 7 7 7 7 7 7 7 7
4 4 4 4 4 4 4 18 18 18 18 18 18 18 18 18 18 18 18 18 18 18 18 18 4 4 4 4 4 4 4 4 4 16 16 16 16
1 1 1 1 1 1 17 17 17 17 17 17 17 1 1 1 1 1 17 17 17 17
21 21 21 21 21 1 1 1 1 1 1 1 21 21 21 21 21 21 21 21 21 21
5 5 5 5 5 5 1 1 1 1 1 1 1 11 11 11 11 11 11 11 11 11 11
5 5 5 5 5 5 5 5 1 1 1 1 1 1 7 7 7 7 7 7 7
5 5 5 5 5 5 5 5 5 15 15 15 15 15 15 15 15 15 15 15 15 15 15 15 15 15 15 15 15 15 7 7 7 7 7 7 7 7 7 7 7 7 7 7 7 7 7 7 7 7 7 7 7 7 7 7 7 7 7 7 7 7
0 0 0 0 0 0 0 0 0 0 1 1 1 1 1 1 1 1 1 1 1 1 18 18 18 18 18 18 18
11 11 11 11 11 11 11 11 1 1 1 1 1 1 1 1 1 1 1 1 1
17 17 17 17 5 5 5 5 5 5 5 5 5 5 5 5 17 17 17 17 17 4 4 4 4 4 4 4 4 4 4 4
1 1 1 1 1 1 1 1 1 1 1 1 1 1 1 1 1 6 6 6 6 6 6 6 6 6 6 6 6 6 6 6 6 6 6 1 1 1 1 1 1 1 1 1 1 6 6 6 6 6 6
7 7 7 7 7 7 7 7 7 7 7 7 7 7 7 7 7 7 7 5 5 5 5 5 1 1 1 1 1 1 1 1 1 1 1 1 1 1 1 1 1 1 1 1 1 1 1 1 1 7 7 7 7 7 7 7 7 7 7 7 7 7 7 7 7 7 7 7 7 7 5 5 5 5 5
1 1 1 1 1 7 7 7 7 7 7 7 7 7 5 5 5 5 5 5 5 5 5 5 5 5 5 5 5 5 5 5 5 5 5 5 5 5 5 5 5 5 5 5 5 5 5
1 1 1 1 1 1 1 1 1 1 1 1 1 1 1 1 1 1 1 1 1 5 5 5 5 5 5 5 5 5 5 5 18 18 18 18 18 18 18 18 18 4 4 4 4 4 4
11 11 11 11 11 11 11 11 11 11 11 11 11 11 11 11 11 11 11 11 11 11 11 11 11 11 11 11 11 11 11 11 7 7 7 7 7 7 7 7 7 11 11 11 11 11 11 7 7 7 7 7 7 7 7 7 7 7 7 7 7 7 7 7 7 7 7 7 7 7 7 7 7 7 7 7 7 7 7
18 18 18 18 18 18 18 18 18 0 0 0 0 0 0 0 0 0 18 18 18 18 18 18 18 18 18 18 18 18 18 18 18 18 18 18 18 18 18 18 18 18 0 0 0 0 0 1 1 1 1 1 1
5 5 5 5 5 5 5 5 5 5 5 5 7 7 7 7 7 7 7
18 18 18 18 18 18 18 18 18 18 18 18 19 19 19 19 19 19 19 18 18 18 18 18 18 19 19 19 19 19 19 19 19 19 19 19 19 19 18 18 18 18
4 4 4 4 4 4 4 4 4 4 4 4 4 4 4 4 4 4 5 5 5 5 5 5 5 5 5 4 4 4 4 4 4 4 4 4 4 4 4 4 4 4 4 4 5 5 5 5 5 5 5 5 5 5 5 5 5 5 5 5 5 5 5 5
6 6 6 6 6 6 6 6 5 5 5 5 5 5 5 5 5 6 6 6 6 6 6 1 1 1 1 1 1 1 1 1 1 1 1 1 1 1 1 1 1 1 1 1 1 1
18 18 18 18 18 18 18 18 18 18 18 18 19 19 19 19 18 18 18 18 18 18 18 18 18 18 18 18 18 18 18 18 18
1 1 1 1 1 1 1 1 1 1 1 18 18 18 18 1 1 1 1 1 1 1 1 1 0 0 0 0 0 0 0 0 0 18 18 18 18
1 1 1 1 1 1 1 1 1 4 4 4 4 4 4 4 1 1 1 1 1 1 1 1 1 1 1
7 7 7 7 7 7 7 7 7 7 7 7 7 1 1 1 1 1 1 1 1 13 13 13 13 13 13 13 13 13 13 13 13 13 13 13 13 13 13 5 5 5 5 5 5 5 5 5 5 5 5 5
1 1 1 1 1 1 1 1 1 11 11 11 11 11 11 11 11 11 1 1 1 1 1 1 1
16 16 16 16 16 16 16 16 16 16 16 16 16 16 18 18 18 18 18 18 18 18 1 1 1 1 1 1 1 1 1 1 1 1 18 18 18 18 18 18 18 18 18 18 18 18 18 18 18 18
13 13 13 13 13 13 13 13 13 13 13 1 1 1 12 12 12 12 12 12 12 13 13 13 13 13 13 13 13 13 13 13 13 13 13 13 13 13 13 13 13 13 13 13 13 13 13 13 12 12 12 12 12 12 12 12 12 12 12 12 12 12 12 12
1 1 1 1 1 1 1 1 1 1 1 1 1 1 1 1 1 1 1 1 1 1 1 1 1 1 1 1 1 1 1 1 21 21 21 21 1 1 1 1 1 1 1 1 1 21 21 21 21 21 21
4 4 4 4 4 4 4 4 4 4 4 4 4 4 4 5 5 5 5 5 5
1 1 1 1 1 1 1 12 12 12 12
1 1 1 1 1 1 1 1 1 1 1 1 11 11 11 11
5 5 5 5 5 5 5 5 5 11 11 11 11 11 11 11 11 11 11 11 11 11 11 11 11 11 11 11 11 11 11 11 11 11 11 11 11 11 11 11 1 1 1 1 1 1 1 1 1 1 1 1
9 9 9 9 9 9 9 9 9 9 9 9 9 12 12 12 12 12 12 1 1 1 1 1 1 1 1 1 1 1 1 1 1 1 1 1 1 1 1
1 1 1 1 1 1 1 11 11 11 11 11 11 1 1 1 1 1 1 11 11 11 11 11 11 11 11 11 11 1 1 1 1 1 1 1
5 5 5 5 5 5 5 7 7 7 7 7 11 11 11 11 11 11 11 11 11 11 11 11 11 11 11 11 11 11 11 11 11 11 11 11 6 6 6 6 6 6 6 6 6 6 6 6 6 7 7 7 7 7 7 7 7 7
18 18 18 18 18 18 18 18 18 18 18 18 18 18 18 18 18 5 5 5 5
7 7 7 7 7 7 7 7 7 7 7 7 1 1 1 1 1 1 1 1 1 1 1 1 5 5 5 5 5 5 5 12 12 12 12 12 12 12 12
5 5 5 5 5 5 5 5 5 12 12 12 12 12 12 12 12 12 12 12 1 1 1 1 5 5 5 5 5 5 5 5 5 5 5 6 6 6
18 18 18 18 18 18 18 18 18 18 18 18 18 18 18 18 18 18 18 18 18 18 18 18 18 18 18 18 18 18 18 18 18 18 18 18 18 18 1 1 1 1 1 1 1 1 0 0 0 0 0 0
6 6 6 6 6 6 6 5 5 5 5
18 18 18 18 18 18 18 18 18 1 1 1 1 1 1 1 1 1 1 1 1 1 1 18 18 18 18 18 18 18
1 1 1 1 1 1 1 1 1 1 1 1 1 1 1 1 5 5 5 5 5 5 5 5 5 5 5 5 5 5 5 5 5 5 5 5 5 7 7 7 7 7 7 7 7 7 7 1 1 1 1 1 1 1 1 1 1 7 7 7 7 7 7 7 7 7 7 7 7 7 7 7 7 7 7 7 7 7 7
11 11 11 11 11 11 11 11 11 11 11 11 1 1 1 1 1 11 11 11 11 11 11 11 11 11 11 11 5 5 5 5 5 5 5 5 1 1 1 1 1 1 1 1 1 1 1 1 1 1 1 1 1
1 1 1 1 1 1 1 1 1 1 1 13 13 13 13 13 13 13 13 13 13 13 13 13 13
5 5 5 5 5 5 5 5 4 4 4 4 4 4 4 4 15 15 15 15 15 15 15 15 15 15 15 15
1 1 1 1 1 1 1 1 1 1 1 1 1 1 1 1 1 1 4 4 4 4 4 4 4 4 4 4 4 4 4 4 4 4 4 4 1 1 1 1 1 1 1 1 1 1 1 1 1 1 1 1 1 1 1 1 1 4 4 4 4 4 4 4 4 4
7 7 7 7 7 7 5 5 5 5 5 7 7 7 7 7 7 7
0 0 0 0 0 1 1 1 1 1 1 1 1 1 18 18 18 18 18 18
4 4 4 4 4 4 4 4 4 4 4 4 4 4 4 4 5 5 5 5 5 5 1 1 1 1
2 2 2 2 2 2 2 2 2 2 2 9 9 9 9 9 9 9 9 9 2 2 2 2 2 2 2 2 2 2 12 12 12 12 12 12 12 2 2 2 2 2 2 2 2
5 5 5 6 6 6 6 6 6 6 6 6 6 6 6 6 6 6 6 6 5 5 5 5 5 5 5 5 5 6 6 6 6 6 6 6 6 6 6 6 6 6 6 6 6 5 5 5 5 5 5 5 5 5
6 6 6 6 6 6 6 6 6 6 6 6 1 1 1 1 1 1 1 1 1 1 1 1 1 1 1 1 1 1 1 6 6 6 6 7 7 7 7 7 7 7 5 5 5 5 5 5 5 5 5 5 5
18 18 18 18 18 18 18 18 18 18 18 18 18 18 18 18 18 18 18 18 18 18 18 20 20 20 20 20
1 1 1 1 0 0 0 0 0 0 18 18 18 18 18 18 18 18 18 18 18 18 18 18 18
18 18 18 18 18 18 18 1 1 1 1 1 1 1 1 1 1 18 18 18 18 18
18 18 18 18 18 18 18 18 18 18 18 18 18 18 1 1 1 18 18 18 18 18 18 18 18 18 18 18 18 18 1 1 1 1 1 1 1 1 1 1 1 1 1 1 1 18 18 18
1 1 1 1 1 1 1 1 1 1 1 1 1 1 1 1 11 11 11 11 11 11 11 11 11 1 1 1 1 1 1 1 1 1 1
1 1 1 1 1 1 1 1 1 1 1 1 11 11 11 11 11 11 11 11 11 11 11 11 11 11 11
12 12 12 12 12 12 12 12 12 12 12 12 12 12 12 12 12 12 12 6 6 6 6 6 6 1 1 1 1 1 1 1 1 1 1 1 12 12 12 12 12 12 12 12 12
4 4 4 4 4 4 4 4 4 4 4 4 4 2 2 2 2 2 2 2 2 2 2 2 2 2 2 2 18 18 18 18 18 18 18 18 18 18 18 1 1 1 1 1 1 1
18 18 18 18 18 18 18 18 19 19 19 19 19 19 19 19 19 19 19
1 1 1 1 1 1 1 1 18 18 18 18 18 18 18 18 18 18 18 18 18 18 18 18 18 18 18 1 1 1 1 1 1 1 1 1 1 1 1 1 1 1 1 1 1 1
9 9 9 9 1 1 1 1 1 1 1 1 1 1 1 6 6 6 6 6 6 6 6 6 11 11 11 11 11 11 11 11 11 11 11 11 11 11 11 11 11 11 11 11 12 12 12 12 12 12 12 12 12 12 12
5 5 5 5 5 5 5 18 18 18 18 18 18 18 12 12 12 12 12 12 12 12 12 12 12 12 12 12 7 7 7 7 7 7 7 7 7 6 6 6 6 6 6 6 6 6 6 6 6 6 6 6 6 6 6 6
1 1 1 1 1 1 1 1 11 11 11 11 1 1 1
18 18 18 18 18 18 18 18 18 18 18 1 1 1 1 18 18 18 18 18 18 18 18 18 1 1 1 1 1 1 18 18 18 18 18 18 18 18 18 18 18 18 18 18
7 7 7 7 7 7 7 7 7 7 7 7 7 7 7 7 7 7 7 7 7 7 7 7 7 7 7 7 7 7 7 7 1 1 1 1 1 1 1 1 1 1 1 1 1 1 1 1 5 5 5 5 5 5 5 5
18 18 18 18 18 18 18 0 0 0 0 0 0 18 18 18 18 18 18 18 18 18 18 18 18 1 1 1 1 1 1 1 1 1 0 0 0 0 0 0
18 18 18 18 18 18 18 18 18 18 18 0 0 0 0 0 0 0 0 18 18 18 18 18 1 1 1 1 1 1 0 0 0 0 0 0 0 0 0 0 0 0 0 0 0
13 13 13 13 13 13 13 13 13 13 13 13 13 13 13 13 13 13 13 1 1 1 1 1 1 1 1 1 1 5 5 5 5 5 5 5 5 5 5 5 5 1 1 1 1 1 1 1 1 1 1 1 1 1 1 1 1 1 1 1 1 1 1
6 6 6 6 6 6 6 6 6 6 6 6 6 6 6 6 6 6 6 6 6 6 6 6 6 6 6 6 6 6 6 6 12 12 12 12 12 12 18 18 18 18 18 1 1 1 1 1 1 1 1 1
1 1 1 1 1 1 1 1 1 1 1 5 5 5 5 5 5 5 5 5 5 5 5 5 5 5 5 5 5 5 5 6 6 6 6 6 6 6 6 6 6 6 6 6 6 6
12 12 12 12 12 12 12 12 12 12 12 12 12 1 1 1 1 1 1 1 12 12 12 12 12 12 12 12 12 12 12 12 12 1 1 1 1 1 1 1
6 6 6 6 6 6 6 6 6 6 6 5 5 5 5 5 6 6 6 6 6 6 12 12 12 12 12 12 12 12 12 12 12 12 12 12
1 1 1 1 1 1 7 7 7 18 18 18 18 18 18 18 18 18 18 18 18 18 18 18 18 18 18 18 18 18 18 18 18 18 18 11 11 11 11 11 11 11 11 11 11
1 1 1 1 1 1 1 1 1 0 0 0 0 18 18 18 18 18 18 18 0 0 0 0 1 1 1 1 1 1 1
18 18 18 18 18 18 18 18 18 18 18 18 18 18 1 1 1 1 1 1 1 1 1 1 1 1 1 1 1
6 6 6 6 6 6 6 6 6 6 6 6 6 6 6 6 6 18 18 18 18 18 18 18 18 18 18 18 6 6 6 6 6 6 6 6 6 6 6 6 6 6 6 6 6 6 6 5 5 5 5 5 5 5 5 5 5 5 5 5
6 6 6 6 6 6 6 6 6 18 18 18 18 18
19 19 19 19 19 19 19 19 19 19 19 19 19 19 19 19 19 19 19 19 19 19 19 19 19 19 19 19 19 19 4 4 4 4 4 4 4 4 4 19 19 19 19 19 19 19 19 19 19 4 4 4 4 4 4 4 4 4 4 4 4 4 4 4 4 17 17 17 17 17 17
11 11 11 11 11 11 11 11 11 11 11 11 1 1 1 1 1 1 1 1 1 1 1 1 1 1 1 1 1
11 11 11 11 11 11 11 11 11 11 11 11 11 1 1 1 1 1 1 1 1 1 11 11 11 11 11 11 11 11 11 11 11 11 11 11 11 11 11 1 1 1 6 6 6 6 6 6 6 6 6 6 6 6 6
1 1 1 1 1 1 13 13 13 13 13 13 13 13 13 1 1 1 1 1 1 1 1 1 1 1 1
1 1 1 1 1 1 1 1 1 1 1 1 5 5 5 5 6 6 6 6 6 6 6 6 6 6 6
5 5 5 5 5 5 5 5 5 5 5 5 5 5 5 6 6 6 6 6 6 6 1 1 1 1 1 1 1 1
18 18 18 18 18 18 19 19 19 19 19 19 19 19
1 1 1 1 1 1 1 1 1 1 1 1 1 1 1 1 1 1 1 1 1 1 1 1 1 1 1 1 1 1 1 1 1 18 18 18 18 18 18 18 18 18 18 18 0 0 0 0 0 0 0 0 0 0 1 1 1 1 1 1 1 1 0 0 0 0 0 0 0 0 0 0 0 0 0 0 0 0 0 0
6 6 6 6 6 3 3 3 3 3 3 3 3 3 6 6 6 6 6 6 6 6 6 6 6 6 6 6 6 6 3 3 3 3 3 3 3
1 1 1 1 1 1 1 1 1 1 1 11 11 11 11 11 11 11 11 11 11 11 11 11 11 1 1 1 1 1 1 1 1 1 1 1 1 1 1 1 1 1 1 1 1 11 11 11 11 11 11 11 11 11 11 11 11 11 11 11 11 11 11
10 10 10 10 6 6 6 6 6 6 6 6 6 6 6 6 6 6 6 6 6 10 10 10 10 10 10 10 10 10 10 5 5 5 5
11 11 11 11 11 11 11 11 11 11 11 11 11 11 1 1 1 1 11 11 11 11 11 11 11 11 11 11 11
1 1 1 1 1 1 1 1 1 5 5 5 5 5 5 7 7 7 7 7 7
14 14 14 14 14 14 14 9 9 9 9 9 9 9 9 16 16 16 16 16 16 16 16 16 16 16 16 1 1 1 1 1 1 1 1 1 1 1 1
1 1 1 1 1 1 1 0 0 0 0 0 1 1 1 1 1 1 1 1 1 1 1 1 1 1 1 1 1 1 1 1 1 1 1 1 1 1 1 18 18 18 18 18 18 18
4 4 4 4 4 4 4 4 4 1 1 1 1 1 1 1 1
5 5 5 5 5 5 6 6 6 6 6 6 5 5 5 5 5 5 5 5 5 5 1 1 1 6 6 6 6 6 6
11 11 11 11 11 11 1 1 1 1 1 11 11 11
18 18 18 18 18 18 15 15 15 15 15 18 18 18 18 18 18 18 18 18 18 15 15 15 15 15 15 15 15 15 15 15 15 15 15 15 15 15 15 15 15 15 15 15 15 15 15 15 15 15 15 15 15
17 17 17 17 17 17 17 17 17 17 17 17 17 17 17 17 17 4 4 4 4 4 4 4 4 4 4 4 17 17 17 17 17 17 17 17 17 17 17 4 4 4 4 4 4 4 4 4 4 4 4 4 17 17 17 17 17 17 17 17 17 17 17
18 18 18 18 18 18 1 1 1
1 1 1 1 1 1 1 1 1 1 1 1 1 1 5 5 5 5 5 5 5 5 13 13 13 13 13 13 13 13 13 13 13 13 13 13 13 13 13 13 13 13 13 13 13 13 13 13 13 13 13 13 13 13 13 13 13 13 13 13 13
11 11 11 11 11 11 11 11 11 11 12 12 12 12 12 12 12 12 1 1 1 1 1
18 18 18 18 19 19 19 18 18 18 18 18 18 18 19 19 19 19 19 19 19
16 16 16 16 16 16 16 16 16 16 16 16 16 16 16 16 16 16 16 1 1 1 1 1 1 1 1 1 1 1 1 16 16 16 16 16 16 16 16 16 16 16
13 13 13 13 13 13 13 13 13 13 13 13 13 13 13 13 1 1 1 1 1 1 13 13 13 1 1 1 1 1 1 1 1 1 13 13 13 13 13 13
0 0 0 0 0 0 0 0 0 0 0 0 18 18 18 18 18 1 1 1 1 1 1 1 1 1 1 1 1 1 1 1 1 1 1 1
6 6 6 6 6 6 6 4 4 4 4 4 4 4 4 4 4 4 4 4 4 7 7 7 7 7 7 7 7 7 7 7 7 7 7 7 7 7 7 7 7 7 7 7 7 7 7 1 1 1 1 1 1 1 1 1 1 1 1 1 1 1 1 1 1 1 1 1 1 1 1 1 1 1 1 1 1 1 1 1 1 1 1 1 1 1 1 1 5 5 5 5 5 5 9 9 9 9 9 9 9 9 9 9 9 9 9 12 12 12 12
5 5 5 5 5 5 18 18 18 18 18 18 18 18 18 18 18 18 18 18 18 18 18 18 4 4 4 4 4 4 4 4 4 4 4 4 4 4 4 4 4 4 4 4 4 4 4 4 4 4 4 4 4 18 18 18 18 5 5 5 5
5 5 5 5 5 5 5 7 7 7 7 7 7 7 7 7 7 7 7 7 7 6 6 6 6 6 6 6 6 6 6 6 6 6 6 6 6 1 1 1 1 1 1 1 1 1 1 1 1 1 1 1 1 1 1 1 1 1 1 1
1 1 1 7 7 7 7 7 7 7 7 7 7 7 7 7 7 7 7 5 5 5 5
18 18 18 18 18 18 18 18 18 18 1 1 1 1 1 1 1 1 1 1 1 1 1 1 1 1 1 1
1 1 1 1 1 1 1 1 1 1 1 1 1 1 1 1 1 1 18 18 18 18 18 18 18 18 18 18 1 1 1 1 1 1 1 1 1 1 1 1
1 1 1 1 1 1 1 1 1 1 1 1 1 1 1 1 1 1 1 1 1 1 1 18 18 18 18 18 18 18 18 18 18 18 18 18 18 18 18 18 18 18 1 1 1 1 1 1 1 1 1 18 18 18 18 18 1 1 1 1
1 1 1 1 1 1 1 1 5 5 5 15 15 15 15 15 15 15 15 15 15 15 15 15 15 15 15 15 15 15 12 12 12 12 12 12 12 12 12 12
9 9 9 9 9 9 9 9 9 9 9 9 9 9 9 9 12 12 12 12 9 9 9 9 9 9 9 9 9 9 9 9 9 9 9 12 12 12 12 12 12 12 12 12 12 12 9 9 9 9 9 9 9 9 9 9 9 9 9 9 9 9 9 9 9 9 9
16 16 16 16 16 16 16 16 16 16 16 16 1 1 1 16 16 16 16 16
1 1 1 1 1 1 1 1 1 1 1 1 1 1 1 1 1 1 1 1 1 1 1 1 21 21 21 21 21 21 21 21 21 21 21 21 21 21 21 21 21 21 21 21 21 21 21 21 21 21 21 1 1 1 1 1 1 1 1 1 1 21 21 21 21 21 21 21 21 21 21
0 0 0 0 0 0 0 0 18 18 18 18 1 1 1 1 1 1 1 1 1 1 1 1 1 1 1 1 1 1 1 1 1 1 1 1 1 1 1 1 1 1 1 1 1 0 0 0 0 0 0 0 0 1 1 1 1 1 1 1 1 1 1 1
1 1 1 1 1 1 1 1 18 18 18 18 18 18 18 18 18 18 18 18 18 18 18 18 18 18
1 1 1 1 1 1 1 1 1 1 21 21 21 21 21 21 21 21 21 21 21 21
1 1 1 1 1 1 18 18 18 18 18 18 18 18
1 1 1 1 1 1 1 1 1 1 1 1 1 1 1 1 1 1 1 1 1 1 1 1 1 1 1 1 13 13 13 13 13 13 13 13 13 13 1 1 1 1 1
1 1 1 1 1 1 1 1 1 1 1 1 1 1 1 1 1 1 1 1 1 1 4 4 4 4 4 4 4 4 4 4 4 4 4 4 4 4 4 5 5 5 5 5 5 5 5 5 5 5 5 5 5 5 5 5 5 5 5 5
11 11 11 11 11 11 11 11 11 11 11 11 11 1 1 1 1 1 1 1 1 1 1 1 1 1 1 1 1 1 11 11 11 11 11 11 11 11 11 11
1 1 1 1 1 1 1 1 1 1 1 1 1 1 5 5 5 5 5 5 4 4 4 4 4 4
9 9 9 1 1 1 1 1 1
1 1 1 1 1 1 1 1 1 1 7 7 7 7 7 7 7 7 7 7 7 7 7 7 7 1 1 1 1 1 1 1 1 1 5 5 5 5 5 1 1 1 1 1 1 1 1 1 1
16 16 16 16 16 16 16 16 16 16 16 16 16 16 16 16 16 16 16 16 16 16 16 16 16 16 16 1 1 1 1 1 1
11 11 11 11 11 11 11 11 11 11 1 1 1 1 1 1 1 11 11 11 11 11 1 1 1 1 1 1 1 1 1 1 1 1 1 1 1 1 1 1 11 11 11 11 11 11 11 11 11 11 11 11 11 11 11 11 11 11 11 11 11 11 11 11 11 11 11 11 11 11 11 11
14 14 14 14 14 14 14 14 14 14 19 19 19 19 19 19 19 18 18 18 18 18 18 18 18 18 9 9 9 9 9 9 9 9 9 9 9 9 9 9 9 9 9 9 9 9 9 9 9 9 9 9 9
1 1 1 1 1 1 1 1 1 1 1 1 1 1 1 1 1 1 11 11 11 11 11 11 11 11 12 12 12 12 12 12 12 12 12 12 12 12 12
18 18 18 18 18 18 18 18 18 18 18 18 18 18 18 18 1 1 1 1 1 1 1 1 0 0 0 0 0 0 0 18 18 18 18 18
1 1 1 1 1 1 1 1 1 1 1 1 1 1 1 13 13 13 13 13 13 12 12 12 12 12 12 12 12 12 12 12 12 12 12 12 12 12 12 12 12 12
18 18 18 18 18 0 0 0 0 0 1 1 1 1 1 1 1 1 18 18 18 18 18 18 18 18 18 18 18 18 18 18 18 18 18 18 18 18 18 18 18 18 18 18
1 1 1 1 1 1 1 1 1 1 1 1 1 1 6 6 6 6 6 6 6 5 5 5
4 4 4 4 4 4 4 4 4 4 4 4 4 4 4 4 4 4 4 17 17 17 17 17 17 17 17 17 17 17 17 17 17 17 17 17 17 17 1 1 1 1 1 1 1 1 1 1 1 1 1 1 1 1
18 18 18 18 18 1 1 1 1 1 1 0 0 0 18 18 18 18 18 18 18 18 18 18 18
10 10 10 10 10 10 10 10 10 10 6 6 6 6 6 6 6 6 6 6 6 6 6 6 6 6 6 6 6 6 6 6 6 6 6 6 6 6 6 6 6 6 6 6 6 6 6 6 6 1 1 1 1 1 1 1 1 1 1 5 5 5 5 5 5 5 5 5 5
18 18 18 18 18 18 18 18 18 3 3 3 3 3 3 3 3 3 3 3 3 3
12 12 12 12 12 12 12 12 12 12 12 12 12 12 12 12 12 12 1 1 1 1 1 1 1 1 1 1 1 12 12 12 12 12 12 1 1 1 1 1 1 1 1 1 1 1 1 1 1 1 1 1 1 11 11 11 11 11 11 11 11 11 11 11 11 11 11 11 11 11 11
9 9 9 9 9 4 4 4 4 4 4 4 17 17 17 17 17 17 17 17 17 17 17 17 17 17 12 12 12 12 12 12 12 12
11 11 11 11 11 11 11 11 11 11 11 11 11 11 11 11 11 5 5 5 5 5 11 11 11 11 11 11 11 11 11 11 11 11 11 11 11 11 11 11 5 5 5 5 5 5
1 1 1 1 1 1 1 1 5 5 5 5 5 5 5 5 5 1 1 1 1 1 1 1 5 5 5 5 5 5
5 5 5 5 5 5 5 5 5 1 1 1 1 1 1 1 1 1 1 1 1 1 1 1 1 1 1 1 1 1 1 1 1 1 1 1 1 1 1 1 1 1 1 5 5 5 5 5
13 13 13 13 13 13 13 13 13 13 1 1 1 1 11 11 11 11 11 11 13 13 13 13 13 13 13 13 13 13 13 13
1 1 1 1 1 1 1 4 4 4 4 4 4
13 13 13 13 13 13 13 13 13 13 13 13 13 13 13 13 13 13 13 1 1 1 1 1 13 13 13 13 13 13 13 13 13 13 13 13 13 13 13 13 1 1 1 1 1 1 1 1 1 1 1 1 1 1
5 5 5 5 5 5 5 7 7 7 7 7 7 7 7 7 7 7 7 7 7 7 7 7 1 1 1 1 7 7 7 7 7 7 7 7 7 7 7 7 1 1 1 1 1 1 1 1 1
15 15 15 15 15 15 15 15 15 15 15 15 15 15 15 16 16 16 16 16 16 16 16 16 16 16 16 16 16 16 16
18 18 18 18 18 1 1 1 1 1 1 1 1 1 1 12 12 12 12 12 12 12 12 12 12 12 5 5 5 5 5 5 5 5 5 5 5 6 6 6 6 6 6 6 6 6 6 6 6
1 1 1 1 1 1 1 1 1 1 1 1 1 1 1 1 1 1 1 1 11 11 11 11 11 11 11 11 11 11 11 11 11 11 11 11 11 11 1 1 1 1 1 1 1 11 11 11 11 11 11 11 11 11 11 11 11 11 11 1 1 1 1 1
6 6 6 6 6 6 6 6 6 6 6 6 6 6 6 6 5 5 5 5 5 5 1 1 1 1 1 1 6 6 6 6
11 11 11 11 11 11 11 11 11 11 11 11 11 1 1 1 1 11 11 11 11 11 11 11 11 11 11 11 11
5 5 5 5 5 5 5 5 5 5 1 1 1 1 1 1 1 1 1 1 6 6 6 6 6 6 5 5 5 5 5 5 5
4 4 4 4 4 4 4 4 4 4 5 5 5 5 5 5 5 5 5 4 4 4 4 4 4 4 4 4 4 4 4 5 5 5 5 5 5 5 5 5 5 5 5
1 1 1 1 1 1 1 1 1 1 1 1 13 13 13 13
11 11 11 11 1 1 1 1 12 12 12 12 12 12 12 12 12 12 12 12 12 12 12
1 1 1 1 12 12 12 12 12 12 12 12 12 12 12 12 12 12 12 12 11 11 11 11 11 11 11 11 11 11 11
1 1 1 1 1 1 1 1 1 1 1 1 1 1 1 1 1 1 1 1 1 1 1 1 1 1 1 1 1 1 1 1 13 13 13 13 13 13 1 1 1 1 1 1 1 1 13 13 13 13 13 13 13 13 13 1 1 1 1 1 1 1 1 1 1 1 1
0 0 0 0 0 0 0 0 0 0 0 18 18 18 1 1 1 1 1 1 1 1 1 1 1 1 1 18 18 18 18 18 18 18 18 18 18 18 18 18 18 18 0 0 0 0 0 0
18 18 18 18 18 18 18 18 18 18 18 18 4 4 4 4 4 4 4 4 17 17 17 17 17 17 17 17 17 17
1 1 1 1 1 1 1 4 4 4 4 4 4 4 4 4 4 4 4 4 4 4 4 4 4 4 4
13 13 13 13 13 13 1 1 1 1 1 1 1
0 0 0 0 0 0 0 0 0 0 0 0 0 0 0 0 0 1 1 1 1 1 1 1 1 1 1 1 1 18 18 18 18 18 18 18 18 18 0 0 0 0 0
4 4 4 4 4 4 17 17 17 17 17 17 4 4 4 4 4 4 4 4 4 4 4 4 4 4 1 1 1 1 1 1
18 18 18 18 18 18 18 18 18 18 18 18 18 1 1 1 1 1 18 18 18 18 18 18 18 18 1 1 1 1 1 1 1 1 1 1 1 1 1 1 1 1 1 1 17 17 17 17 17 17 17 17 17 17 17
18 18 18 18 18 18 18 18 18 18 18 18 18 18 18 18 18 18 18 6 6 6 6 6 6 6 6 6 6 6 6 6 6 6 6 6 6 6 6 6 6 6 6 6 6 1 1 1 1
1 1 1 1 1 1 1 1 1 1 1 1 1 1 1 1 1 1 1 1 1 1 1 1 1 1 1 1 1 1 1 1 1 1 1 1 1 1 1 1 1 1 1 13 13 13 13 13 13 13 13 5 5 5 5 5 5 5 5 5 5 5 5 13 13 13 13 13 13 13 13 13 13 13 13 13 13 13 13 13 13 13 13 13 13 13 13 13 13 13 13 13 13 13 13 13 13 5 5 5 5 5
18 18 18 18 18 18 18 18 18 18 18 18 18 18 18 18 1 1 1 1 1 1 1 18 18 18 18 18 18 18 18 18 1 1 1 1 1 1 1 1 1 1 1 1 1 1 1 1 1 1 1 18 18 18 18 18 18 18 18 18
14 14 14 14 14 14 14 12 12 12 12 12 12 12 12 12 12 12 12 12 12 12 12 12 12 12 12 12 9 9 9 7 7 7 7 7 7 7 7 7 7 7 7 7 7 7 7 7 7 7 7 7 7 7 1 1 1 1 1 1
0 0 0 0 0 0 0 0 0 0 0 0 0 0 0 0 0 0 0 0 0 0 0 0 18 18 18 18 18 18 18 18 18 18 18 18 18 18 18 18 18 18 18 0 0 0 0 0 0 0 0 0 0 0 0 0 0 0 0 0 0 1 1 1 1 1 1 1 1 1 1
5 5 5 5 5 5 5 3 3 3 3 3 3 3 3 3 3 3 3 3
7 7 7 7 7 7 7 7 7 7 7 7 7 7 7 7 7 7 7 7 7 7 7 7 7 7 7 7 7 7 7 7 7 7 7 7 7 7 7 7 5 5 5 5 5 5 5 5 5 5 5 5 5 7 7 7 7 7 7 7 7
5 5 5 5 5 5 5 5 5 5 5 5 5 5 5 5 5 5 5 5 5 1 1 1 1 1 5 5 5 5 5
5 5 5 5 5 5 5 5 5 6 6 6 6 6 6 6 6 6 6 6 6 6 6 6 6 6 6 6 1 1 1 1 1 1 1 1 1 1 1 1
1 1 1 1 1 1 1 1 1 1 1 1 1 1 1 1 1 11 11 11 11 11 11 11 11 11 11 11 1 1 1 1 1 1 1 1 1 1
1 1 1 1 1 1 1 1 11 11 11 11 11 11 11 11 1 1 1 1 1 1 1 1 1 1 1 1 1 1 1 1 1 1 1 1 1 1 1 1 1 1 1 1 1 1 11 11 11 11
5 5 5 5 5 5 5 5 5 5 5 5 5 5 5 4 4 4 4 4 4 4 4 4 4 4 4 4 4 4 4 16 16 16 16 1 1 1 1 1 1 1
1 1 1 1 1 1 1 6 6 6 6 6 6 6 6 6 6 6 6 6 6 6 6 6 6 6 6 6 6 11 11 11 11
0 0 0 0 0 0 0 0 0 0 0 0 0 1 1 1 18 18 18 18 18 18 18 18
18 18 18 18 18 18 18 18 18 18 18 18 18 18 0 0 0 0 0 0 0 18 18 18 18 18 18 0 0 0 0 0 0 0 0 0 0 0
1 1 1 1 1 1 1 1 1 1 1 1 4 4 4 4 4 4 4 4
18 18 18 18 18 1 1 1 1 1 1 1 1 1 1 1 1 1 0 0 0 0 0 0 0 0
1 1 1 1 1 1 1 1 1 1 0 0 0 0 0 0 0 0 0 1 1 1 1 1 1 1 1 1 1 1 1 1 18 18 18
11 11 11 11 11 11 11 8 8 8 8 8 8 8 8 8 8 8 8 8 8 5 5 5 5 5 5 5 5 5 7 7 7 7 7 7 7 7 7 7 7 1 1 1 1 1 1 1 1
1 1 1 1 1 1 1 1 1 1 1 1 1 18 18 18 18 18 18 18 18 18 18 18 18 18 18 1 1 1 1 1 1 18 18 18 18 18 18 18 18 18 18 18 18 18 18 18
5 5 5 5 5 5 5 5 5 5 7 7 7 7 7 7 7 7 7 7 7 7 7 7 7 5 5 5 5 5 5 5 5 5 5 5 5 5 5 5 5 5 5 5 5
1 1 1 1 1 1 1 1 1 1 1 1 1 11 11 11 11 11 11 11 11 11 11 11 11 11 11 11 11 11 11 5 5 5 5 5 5 5 5 5 5 5 5 1 1 1 1 1 1 1 1 1 1
17 17 17 17 17 17 17 17 17 17 17 4 4 4 4 4 4 4 4 4 4 4 4 17 17 17 17 17 17 4 4 4 4 4 4 4 4 4 4 4 4 4 4 4 4 4 4
1 1 1 1 1 1 1 1 1 1 1 1 1 1 1 1 1 21 21 21 21 21 21 21 21 21 21 21 21 1 1 1 1 1 1 1 1 1 21 21 21 21 21 21 21 21 21 21 21 21 21 21 21 1 1 1 1 1 1
1 1 1 1 1 1 1 1 12 12 12 12 12 12 1 1 1
18 18 18 18 18 18 18 18 1 1 1 1 1 1 1 1 1 1 1 1 0 0 0 0 0 0 0 0 0 0 0 0 0 0 0 0 0
1 1 1 1 1 1 1 13 13 13 13 13 13 13 13 13 13 1 1 1 1 1 1 13 13 13 13 13 13 13 13 13
11 11 11 11 11 11 11 11 11 11 11 11 11 11 11 11 11 11 11 11 11 11 11 11 11 11 11 11 11 1 1 1 1 1 1 1
11 11 11 11 1 1 1 1 1 1 1 1 1 1 1 1 1 1 1
12 12 12 12 12 12 12 12 12 5 5 5 5 5 7 7 7 7 7 7 7 7
2 2 2 2 2 2 2 2 18 18 18 18 18 18 18 18 18 18 18 18 18 18 18 18 18 18 2 2 2 2 2 2 2 2 18 18 18 18 18 18 18
5 5 5 5 5 5 7 7 7 7 7 7 7 7 7 7 7 7 7 7 7 7 7 5 5 5 5 5 5 5
10 10 10 10 10 10 10 10 10 10 10 10 10 10 10 10 10 1 1 1 1 1 1 1 1
5 5 5 5 5 5 5 5 5 6 6 6 6 6 6 6 6 6 6 6 6 6 6 6 6 6 6 6 6 6 6 6 6 6 6 12 12 12 12 12 12 12 12 12 12 12 12
1 1 1 1 1 1 1 12 12 12 12 12 12 14 14 14 14 14 14 14 14 14 14 14 14 14 14 14 14 14 14 14 14 9 9 9 9 9 9 9 9 9 9 9 9 9 9 9 9 9 9 9 9 7 7 7 7 5 5 5 5 5 5 5 5 5 5 5 5 5 5
1 1 1 1 1 4 4 4 4 4 4 4 4 4 4 4 4 5 5 5 1 1 1 1 1 1 1 1 1 1 1 1 1 1
8 8 8 8 8 8 8 8 8 8 8 8 8 8 8 8 8 8 8 8 11 11 11 11 11 11 11 11 11 11 11 11 11 11 5 5 5 5 5 5 5 5 5 5 5 5 1 1 1 1 1 1 1 1 1
0 0 0 0 0 0 0 0 0 0 1 1 1 1 1 1 1 1 1 1 1 1 1 1 1 18 18 18 1 1 1 1 1 1 1 1 1 1
1 1 1 18 18 18 18 18 18 18 1 1 1 1 1 1 1 1 1 1 1 1 1 1 1 1 1 1 1 1 1 1 1 1 18 18 18 18 18 18
18 18 18 18 18 18 18 18 15 15 15 15 15 15 15 15 15 15 15 15 15 15 15 15 15 15 15 15 15 15 15 15 15 15 15 15 15 15 15 15 15 15 15 15 15 15 18 18 18 18 18 18 18 18 18 18 18 18 18 15 15 15 15 15 15 15 15 15 15 15 15 15
9 9 9 9 9 9 9 9 9 14 14 14 14 14 14 14 14 14 14 14 14 14 14 14 9 9 9 9 9 9 9 9 9 9 9 9 9 9 9 9 9 9 9 9 9 9 9 9 9 9 9 9 9 9 9 9 9 14 14 14 14 14 14 14 14 14 14 14 14 14 14 14 14 14 14 9 9 9 9 9 9 9 9 9
1 1 1 1 1 1 1 1 1 1 1 1 1 1 1 1 1 1 1 21 21 21 21 21 21 1 1 1 1
18 18 18 18 18 18 18 18 18 18 18 18 1 1 1 18 18 18 18 18 18 18 18 18 18 18 18 18 18 18 0 0 0 0 0 0 0 0 0 0 0 0 0 0 0 0 0 0 0 0 1 1 1 1 1 1 1 1 1
18 18 18 18 18 18 18 18 18 18 18 18 18 1 1 1 1 1 18 18 18 18 18 18 18 18 18 18 18 18 1 1 1 1 1 1 1 1 1 1 18 18 18 18 18 18 18 18 18 18 18 18 18 18 18 18 18
1 1 1 1 1 1 1 1 1 1 1 1 1 1 1 1 1 1 1 1 1 11 11 11 11 11 11 11 11 11 11 11 11 11 11 11 11 11 11 11 1 1 1 1 1 1
5 5 5 5 5 5 5 5 5 5 5 5 6 6 6 6 6 6 6 12 12 12 12 12 12 12 12 12 12 12 12 12 12 12 12 12 12 12 12 12 12 12 12 12 5 5 5 5 5 5
5 5 5 5 5 5 5 5 5 5 5 5 5 5 1 1 1 1 1 1 1 1 1 1 1 1 1 1 1 1 1 1 1 1 1
5 5 5 5 5 5 5 5 1 1 1 1 1 1 1 1 1 1 1 1 1 1 1 1 1 1 1 1 1 1 1 4 4 4 4 4 4 4 4 4 4 4 4 4 4
1 1 1 1 1 1 1 1 1 1 1 0 0 0 0 0 0 0 0 0 0 0 18 18 18 18 18 18 18 18
18 18 18 18 18 18 18 18 18 1 1 1 1 1 1 1 1 1 1 1 1 1 1 18 18 18 18 18 18 18 18 18 18 18 18 18 18 18 18 18 18 1 1 1 1 1
1 1 1 1 1 1 1 1 1 1 1 1 1 1 1 1 6 6 6 6 6 6 6 6 6 6 6 6 6 6 5 5 5 5 5 5 5 5 5 5 5 5 5 5 5 5 9 9 9 9 9 9 9
4 4 4 4 4 4 4 4 4 4 18 18 18 1 1 1 1 1 1 1 1 1 1 1 1 1 17 17 17
5 5 5 5 5 5 5 4 4 4 4 4
0 0 0 0 0 18 18 18 18 18 18 18 1 1 1 1 1 1 1 18 18 18 18 18 18 18 18 18
5 5 5 1 1 1 1 1 1 1 1 1 1 1 1 5 5 5 5 5 5 5 5 5 5 5 5 5 5 5 5 5 1 1 1
4 4 4 4 4 4 4 4 4 4 4 4 4 4 4 4 4 4 4 4 1 1 1 4 4 4 4 4 4 4 4 4 1 1 1 1 1 4 4 4 4 4 4 4 4 4
4 4 4 4 4 4 4 4 4 4 4 4 4 4 4 4 4 4 4 4 4 4 4 4 5 5 5 5 4 4 4 4 4 4 4 5 5 5 5 5 5 5 5 5 5 5 5
1 1 1 1 1 1 1 1 1 1 1 1 1 1 1 1 1 1 1 1 1 1 1 16 16 16 16 16 16 16 16 16 16 16 16 16 16 16 16 1 1 1 1 1 16 16 16 16 16 16 16 16 16 16 16 1 1 1 1 1
4 4 4 1 1 1 1 1 1 1 1 1 1 1 1 1 1 1 1 1 1 1 1 1 1 1 1 1 17 17 17 17 17 17 17 17 17 17 17 17 17 17 17 17
6 6 6 6 6 6 6 6 6 6 6 6 5 5 5 5 6 6 6 6 6 6
5 5 5 5 18 18 18 18 18 1 1 1 1 1 1 1 1 1 18 18 18 18 18 18 18 18 18 18 18 18 18 18 18 18 18 18 18 18 18 18 18 18 18 18 5 5 5 5 5 5 5 5 5 5 5 5
7 7 7 18 18 18 18 18 7 7 7 7 5 5 5 5 5 5 5 5
4 4 4 4 4 4 4 5 5 5 5 5 5 5 5 5 5 5 5 5 5 4 4 4 4 4 4 4 4 4
1 1 1 1 1 1 1 1 1 18 18 18 18 18 18 0 0 0 0 0 0 0
12 12 12 12 12 12 12 5 5 5 5 5 1 1 1 1 1 1 1 1 1 1 1 1 1 1 1 1 1 1 1
18 18 18 18 18 18 18 18 18 18 18 19 19 19 19 18 18 18 18 18 18 18 18 18 18 18 19 19 19 18 18 18 18 18 18 18 18 18 18 18 18 18 18 18 18 18 18 18 18
5 5 5 5 5 1 1 1 1 1 1 1 1 1 1 1 1 5 5 5 5 5 1 1 1 1 1 1 1 1 1 1 1 1 1
12 12 12 12 12 12 12 12 12 12 20 20 20 20 20 20 20 20 20 20 20 12 12 12 12
1 1 1 1 1 1 1 5 5 5 5 5 5 5 5 1 1 1 1 1 1 5 5 5 5 1 1 1 1 1 1 1 1 1 1 1 1 1 1 1 1 1 1 1 1 1
13 13 13 13 13 13 13 13 11 11 11 11 11 1 1 1 1 1 1 1 1 1 1 1 1 1 1 1 1
18 18 18 18 18 18 18 18 18 18 18 18 18 18 17 17 17 17 17 17 17 17 17 17 17 17 17 4 4 4 4 4
10 10 10 10 10 10 10 10 10 10 10 10 10 10 10 10 10 10 10 10 1 1 1 1 1 1 1 1 1 1 6 6 6 6 6 6 6 6
19 19 19 19 19 19 19 18 18 18 18 18 18 18 18 18 18
15 15 15 15 15 15 15 15 15 15 15 15 9 9 9 9 9 9 9 9 9 9 9 17 17 17 17 17 17 17 17 17 17 9 9 9 9 9 9 9 9 3 3 3 3 3 3 3 3 3 3
1 1 1 1 1 1 1 1 1 1 1 1 18 18 18 18 18 18 18 18 18 18 18 18 18 0 0 0 0 0 0 0
15 15 15 11 11 11 11 11 11 11 11 11 11 11 11
1 1 1 1 1 1 1 1 1 1 11 11 11 11 11 11 11 11 11 11 11 11 11 11 11 11 11 11 11 13 13 13 13 13 1 1 1 1 1 1
18 18 18 18 18 1 1 1 1 1 1 1 1 1 1 1 1 1 1 1 1 1 1 1 18 18 18 18 18 18 18 18 18 18 18 18 18 18 18 18 18 1 1 1 1 1 1 1 1 1 1 1 1 1 1 1 1
21 21 21 21 21 21 21 21 21 21 1 1 1 1 1 1 1 1 1 1 1 21 21 21 21 21 21 21 21 21 21 21 21 21 21 21 21 21 21 21 21 21 1 1 1 1 1 1 1 21 21 21
1 1 1 1 1 1 18 18 18 18 18 18 18 18 18 18 18 18 18 18 18 18 18 18 18 18 1 1 1 1 1 1 1 1 1 1 1 1 1
5 5 5 5 5 5 18 18 18 18 18 18 18 18 18 18 18 12 12 12 1 1 1 1 1 1 1 1 1 1 1 1 1 1 1 1 1 1 1 1 1 1 1 1 1 6 6 6 6 6 6 6 6 6 6 6 6 6 6
5 5 5 5 5 5 5 12 12 12 12 12 12 12 5 5 5 5 1 1 1 1 1 1 1 1 1 1 1 1
1 1 1 13 13 13 13 13 13 13 13 13 13 13 13
4 4 4 4 4 4 4 4 4 4 4 4 4 4 4 4 4 1 1 1 1 1 1 1 4 4 4 4 4 4 4 4 4 4 4 4 4 4 4 4 4 4 4 4 4 4 4 4 15 15 15 15 15 15 15 15 5 5 5 5 5 5
1 1 1 1 1 4 4 4 4 4 4 4 4 4 4 4 4 12 12 12 12 12 12 12 12 12 12 11 11 11 11 11 11 11 11 11 11 11 11 11 11 11 11 11 11 11 11 11 11 11 11 11 11 11 11 11 11 11 11 11 11 11 11
1 1 1 1 1 1 1 1 1 1 1 1 18 18 18 18 18
1 1 1 1 1 1 1 1 1 11 11 11 11 11 11 11 11
5 5 5 5 5 5 5 5 4 4 4 4 4 4 4 4 4 4 4 5 5 5 5 5 4 4 4 4 4 4 4 4 4 4 4 4 4 4 4 4 4 4 4 4 4 4 4 4 4 4 4 4 4 4
9 9 9 9 9 9 9 9 11 11 11 11 11 11 11 11 1 1 1 1 1 1 1 5 5 5 5 7 7 7 7 7 14 14 14 14 14 14 14
1 1 1 1 7 7 7 7 7 7 7 7 7 5 5 5 5
18 18 18 18 18 18 18 18 19 19 19 19 19 19 19 19 19 19 19 19
5 5 5 5 5 5 5 5 5 5 1 1 1 1 1 5 5 5 5 5 5 1 1 1 1 5 5 5
18 18 18 18 18 18 7 7 7 7 7 7 7 18 18 18 18 18 7 7 7 7 7 7 7 7 7 7 7 18 18 18 18 18 18
18 18 18 18 18 18 18 18 18 18 18 18 18 18 18 18 18 18 18 18 18 18 18 18 18 18 18 18 18 18 18 18 18 18 18 18 18 18 18 0 0 0 0 1 1 1 1 1 1 1 1 1 1 1 1 0 0 0 0 0 0 0 0 0 0 0 0 0 0
1 1 1 1 1 1 1 1 1 1 1 1 1 1 1 5 5 5 5 5 5 1 1 1 1 1 1 8 8 8 8
1 1 1 1 1 1 1 1 1 1 1 1 1 1 1 1 1 1 1 1 1 1 1 1 1 1 13 13 13 13 13 13 13 13 13 13 13 13 13 1 1 1 1 1 1 1 1 13 13 13 13 13 13 13 13 13 13 13 13 13 13 13 13 13 13 13 13 1 1 1
11 11 11 11 11 5 5 5 5 5 5 5 5 5 5 5 1 1 1 1 1 1 1 1 1 1 1 1 1 1 1 1 1 1 1 1 1 1 1 11 11 11 11 11 11 11 11 11 11 11 11 11 11 11 11 11 11 5 5 5 5 5 5 5 5
1 1 1 1 1 1 1 1 1 1 1 1 1 18 18 18 18 18 18 18 1 1 1 1 1 1 1 1 1 1 1 0 0 0 0 0 0 0 0 0 0
11 11 11 11 1 1 1 1
7 7 7 7 7 7 7 7 7 7 7 7 7 5 5 5 5 5 5 5 7 7 7 7 7 7 7 7
15 15 15 15 15 15 15 15 1 1 1 1 1 1 1 1 1 1 1 11 11 11 11 11 11 11 11 11 11 11 11 11 18 18 18 18 18 18 18 18 18
5 5 5 5 5 4 4 4 4 4 4 4 4 4 4 4 4 4
6 6 6 6 6 6 6 6 6 6 6 6 6 6 5 5 5 5 5 1 1 1 1 1 1 1 1 1 1 1 1 11 11 11 11 11 11 11 11 11
18 18 18 18 18 18 18 18 18 8 8 8 8 18 18 18 18
18 18 18 18 18 18 18 18 18 19 19 19 19 19 19 19 19 19 19 19 19 18 18 18 18 18 18 18
16 16 16 16 16 16 16 16 16 16 16 16 16 16 16 1 1 1 1 1 1 1 1 1 1 18 18 18 18 18 18 18 18 18 18 18 18 18
15 15 15 15 15 15 15 15 15 15 15 15 15 15 15 15 15 15 1 1 1 1 1 1 1 1 1 1 1 1 13 13 13 13 13 13 13 13 13 13 13 13 13 13 13 13 13 13 13 13 13 13 13 13 13
1 1 1 1 1 1 1 1 4 4 4 4 4 4 4 4 4 4 17 17 17 17
20 20 20 20 20 8 8 8 8 8 8 8 8 8 8 8 8 8 8 8 8 8 20 20 20 20 20 20 20 20 20 20 20 20
5 5 5 5 5 5 5 5 5 5 5 5 5 5 5 5 5 5 5 5 5 5 4 4 4 4 4 4 4 4 5 5 5 5 5 5
5 5 5 5 5 5 5 1 1 1 1 1 1 1 5 5 5 5 5 5 5 5 5 1 1 1 1
0 0 0 0 0 0 0 0 0 0 0 0 0 0 0 0 0 0 18 18 18 18 18 18 18 18 18 18 18 18 18 0 0 0 0 0 0 0 0 0 0 0 0 0 0 0 0 0 1 1 1 1 1 0 0 0 0 0 0
6 6 6 6 6 5 5 5 5 5 6 6 6 6 6 6 6
17 17 17 17 17 17 9 9 9 9 9 9 9 9 18 18 18 18 18 18 18 18 18 18 18 18 4 4 4 4 4 4 4 4 4 4 4 4 4 4 4 4 4 4 4 4 4
9 9 9 9 9 9 9 9 9 9 9 9 9 14 14 14 14 14 14 14 14 14 14 14 14 14 14 9 9 9 9 1 1 1 1 1 1 1 1
11 11 11 11 11 11 11 11 11 11 11 11 11 1 1 1 1 1 1 1 1 1 1 1 1 1 1 1 1 1 1 1 1 1 1 11 11 11 11 11 11 1 1 1 1 1 1 1 1 1 1 11 11 11 11 11 11 11 11
5 5 5 5 5 12 12 12 8 8 8 8 8 8 8 8
13 13 13 13 13 13 13 1 1 1 1 1 1 1 1 1 1 1 1 1 1 1 1 1 1 1 1 1 12 12 12 12 12 12 12 12 12 7 7 7 7 7 7 7
1 1 1 1 18 18 18 18 18 18 18 18 18 18 18
11 11 11 11 11 11 11 15 15 15 15 11 11 11 11 11 11 11 11 11 11 11 11 11 11 11 11 15 15 15 15 15 15 15 15 15 11 11 11 11 11 11 11 11 11 11 11 11 11 11 11 11 11 11 11 11
5 5 5 5 5 5 5 5 5 7 7 7 7 7 7 7 7 7 7 7 7 7 5 5 5 5 5 5 5 5 5 5 5 5 5 5 5 5 5 5 5 5 5 5 5 5 5 5 5 5 5 5 5 5 5 5 7 7 7 7 7 7 7 7 5 5 5 5 5 5 5 5 5 5 5 5 5 5 5 5 5 5 5 5 5
