13 13 13 13 13 13 13 13 13 20 20 20 20 20 20 20 20 20 13 13 13 13 13 13 13
5 5 5 5 5 5 5 5 5 12 12 12 12 12 12 12 12 12 12 12 12 12 20 20 20 20 20 20 20 20 20 5 5 5 5 5 5 5 5 5 5 5 12 12 12 12 12 12 12 12 12 12 12 12 12 12
22 22 22 22 22 22 22 22 22 22 22 5 5 5 5 5 5 3 3 3 3 3 3 3 3 22 22 22 22 22 3 3 3 3 3 3 3 3
8 8 8 8 8 8 8 8 17 17 17 17 17 17 8 8 8 8 8 8 8 8 22 22 22 22 22 22 22 22 22 22 22
3 3 3 3 3 4 4 4 4 4 4 4 4 4 4 22 22 22 22 22 22 22 22 22
18 18 18 18 18 18 18 18 17 17 17 17 17 17 17 17 18 18 18 18 18
7 7 7 7 7 11 11 11 11 11 11 7 7 7 7 7 7 7 7 7 7 7 5 5 5 5 5 5 5 5 7 7 7 7 7 7 7 7 7
2 2 2 2 2 2 2 20 20 20 20 20 20 20 20 20
22 22 22 22 22 22 11 11 11 11 11 11 11 11 11 11 22 22 22 22 22 22 22 22
11 11 11 11 11 11 11 11 22 22 22 22 22 22 11 11 11 11 11 11 22 22 22 22 22 22 22 22 22 22 22 22 11 11 11 11 11 11 11 11 11 11 11 11
0 0 0 0 0 0 0 0 22 22 22 22 22 22 22 22 22 0 0 0 0 0 0 0 0 0
20 20 20 20 20 20 20 20 20 20 20 20 20 20 22 22 22 22 22 22 22 22 22 22 22 20 20 20
9 9 9 9 9 9 9 9 22 22 22 22 22 22 22 22 22 22 22
19 19 19 19 19 0 0 0 0 0 0 0 19 19 19 19 19 19 19 0 0 0 0 0 0 0
5 5 5 5 5 5 5 5 3 3 3 3 3 3 3 3 3 3 5 5 5 5 5
13 13 13 13 13 13 13 13 13 3 3 3 3 3 3 3 3 3 13 13 13 13 13 13 13 13 3 3 3 3 3 3 3 13 13 13 13 13 13 13 13 13 13 13
0 0 0 0 0 0 0 0 0 0 0 0 0 0 0 14 14 14 14 14 14 14 3 3 3 3
0 0 0 0 16 16 16 16 16 16 0 0 0 0 0 0 0 0 0 0 0
10 10 10 10 10 10 3 3 3 3 3 3 3 3
22 22 22 22 22 22 22 5 5 5 5 5 5 5 5 22 22 22 22 22 22 22 22 22 22 5 5 5 5 5 5 5 5 5 5 5 5 5 5 5 5 5 22 22 22 22 22 22 22 22 22 22 22 22 22 22 22 22 22 22 22
7 7 7 7 7 3 3 3 3 3 3 3 3
7 7 7 7 7 22 22 22 22 22 22 22 22 22 22 7 7 7 7 7 7 7 7 7 7 7 7 7 22 22 22 22 22 22 22 22 22
5 5 5 5 5 5 3 3 3 3 3 3 3 5 5 5 5 5 5 5 3 3 3 3 3 5 5 5 5 5 5 5 5 5
9 9 9 9 9 9 9 9 22 22 22 9 9 9 9 9 9 9 9 9 9 9
5 5 5 5 5 5 5 5 5 5 5 0 0 0 0 0 0 0 0 0 5 5 5 5 5 5 0 0 0 0 0 0 0 0 5 5 5 5
22 22 22 22 9 9 9 9 20 20 20 20 20 20 20 20 20 20 22 22 22 22 22 22 22 22 22 22 22 20 20 20 20 20 20 20 20 20 20 20 20
14 14 14 14 19 19 19 19 14 14 14 14 14 14 14 14 14 14 14
9 9 9 9 9 9 9 9 5 5 5 5 5 5 5 5 5 5 5 5 5 5 9 9 9 9 9 9 9 5 5 5 5 5 5
12 12 12 12 12 12 12 13 13 13 13 13 13 13 13 13 12 12 12 12 12 12 12 12 12 12 12 12 13 13 13 13 13 13
10 10 10 10 10 10 10 10 10 10 10 18 18 18 18 18 18 18 18 18 18 18 18 10 10 10 10 10 10 18 18 18 18 18 18 18 18 18
22 22 22 15 15 15 15 15 15 22 22 22 22 22 22 22 22 22 22 15 15 15 15 15 22 22 22 22 22 22 22
20 20 20 22 22 22 22 22 22 22 22 22 22 22
5 5 5 5 5 5 5 5 0 0 0 0 0 0 0 5 5 5 5 5 5 5
11 11 11 11 11 11 11 11 11 3 3 3 3 3 3 3 3 11 11 11 11 11 11 11 11 11 11 3 3 3 3 3 3 3 3 3 3
9 9 9 9 9 9 20 20 20
3 3 3 3 3 3 3 3 3 3 5 5 5 5 5 5 5 5 5 5 3 3 3 3 3 3 3 3 3 3 3 5 5 5 5 5 5 5
9 9 9 9 9 22 22 22 22 22 22 22 22
3 3 3 3 3 3 3 19 19 19 19 19 3 3 3 3 3 3 3 3 3 19 19 19 19 19 19 19 19 19 19 19 19
12 12 12 12 12 12 12 12 13 13 13 13 13 12 12 12 12 12 12 12 12
22 22 22 22 22 22 22 22 22 22 22 10 10 10 10 10 10 10 10 10 10 22 22 22 22 22 22 22 22 10 10 10 10 10 10 10
4 4 4 4 4 20 20 20 20 4 4 4 4 4 4 20 20 20
0 0 0 0 0 18 18 18 18 18 18 18 4 4 4 4 4 4 4 18 18 18 18 18 18 18 18
13 13 13 13 13 13 13 13 13 17 17 17 17 17 17 17 17 17 17
13 13 13 13 13 13 13 13 13 5 5 5 5 5 22 22 22 22 22 22 22 22 22 22 22 22 22 22 22
11 11 11 11 11 0 0 0 0 0 0 0 0 0 11 11 11 11 11 11 11 11 0 0 0 0 0 0 0 0 0 11 11 11 11 11 11 11
3 3 3 3 3 3 3 19 19 19 19 19 19 19 19 19 3 3 3 3 3 3 3
17 17 17 17 17 17 17 13 13 13 13 13 13 13 13 13 13 13 13 13
4 4 4 4 4 4 4 4 4 4 4 7 7 7 7 7 7 13 13 13 13 13 13 13 13 22 22 22 22 22
13 13 13 13 13 13 13 13 13 22 22 22 22 22 22 22 13 13 13 13 13 22 22 22 22 13 13 13 13 13 13 13 13
3 3 3 3 3 3 3 22 22 22 22 22 22 22 22 22 22 22 22 22 17 17 17 17 17 17 17 17 4 4 4 4 4 4
20 20 20 20 20 20 20 20 20 20 20 22 22 22 22 22 22 22 22 20 20 20 20 20 20 9 9 9 9 9 9 9
8 8 8 19 19 19 19 22 22 22 22 22 22 22 22 3 3 3 3 3 3 3 3 7 7 7 7
1 1 1 1 1 1 19 19 19 19 19 19 19 19 19 19 19 19 19 1 1 1 1 1 1 1
19 19 19 19 19 19 19 0 0 0 0 0 0 0 19 19 19 19 19 0 0 0 0 0 0
22 22 22 22 22 22 22 22 22 0 0 0 0 0 0 0 0 0 0 0
7 7 7 7 7 7 22 22 22 22 22 22 22 22 22 22 22 22 22 22 7 7 7 7 7 7 7 7 7 7 22 22 22 22 22 22 22 7 7 7 7 7 7 7 7
11 11 11 11 11 11 11 11 11 22 22 22 22 22 22 22 22 22 22 22 11 11 11 11 11 11 11 11 11
12 12 12 12 12 12 12 12 12 12 12 12 12 12 9 9 9 9 9 9 9 9 9 9 9 9 13 13 13 13 13 13 13 13 12 12 12 12 12 12 12 12 12 12 12 12 12 13 13 13 13 13 13 13 13
9 9 9 9 9 9 9 9 9 9 9 19 19 19 19 9 9 9 9 9 9 9 9 9 9
20 20 20 20 20 20 22 22 22 22 22 22 22 20 20 20 20 22 22 22 22 22 22 22 22 22 22 20 20 20 20 20 20 20 20
11 11 11 11 11 11 11 11 11 17 17 17 17 17 17 17 17 17 17 17 11 11 11 11 11 11 11 11 11 11 11 17 17 17 17 17 17 17 17 17 17
10 10 10 10 10 10 10 3 3 3 3 3 3 3 10 10 10 10 10 10 10 3 3 3 3 3 3 3 10 10 10 10 10 10 10
9 9 9 9 9 9 9 9 9 20 20 20 20 20 15 15 15 15 15 15 15 15
7 7 7 7 7 7 22 22 22 22 22 7 7 7 7 7 7 7 7 7 22 22 22 22 22
12 12 12 12 12 12 12 12 22 22 22 22 12 12 12 12 12 22 22 22 22 22 22 12 12 12 12 12 12 12 12 12 12 12 12 12 12
13 13 13 13 13 13 13 13 13 13 13 13 22 22 22 22 22 22 22 22 22 22 22 22 22 22 22
13 13 13 13 13 13 22 22 22 22 22 22 22 22 22 22 22 22 22 22 22 13 13 13 13 13 13 13 13 13 13 13 13 13 13 13 13 13 22 22 22 22 22 22 13 13 13 13 13 13 13 13 13 13 13 13 13 13 13 13 13
5 5 5 5 5 5 5 5 5 9 9 9 9 9 9 9 9 9 9 5 5 5 5 5 5 5 5
7 7 7 7 7 18 18 18 18 18 18 18 18 18 18 18 3 3 3 3 3 3 3 3 3 3 3 18 18 18 18 18 18 18 18 18 7 7 7 7 7 7 7 7 7 7 7 7 7 7
5 5 5 7 7 7 7 7 7 7 7 7 22 22 22 22 22 22 22 22 6 6 6 6 6 6 9 9 9 9 9 9 9
10 10 10 10 10 10 10 10 10 10 19 19 19 19 19 19 19 19 19 10 10 10 10 10 10
7 7 7 7 7 7 7 7 19 19 19 19 19 19 19 22 22 22 22 22 22 22 22 22
5 5 5 5 5 5 5 5 5 5 5 5 5 5 0 0 0 0 0 0 0 0 0 0 0 0 0 5 5 5 5 5 5 5 0 0 0 0 0 0 0 0 0 0 5 5 5 5 5 5
3 3 3 3 3 3 3 3 3 15 15 15 15 15 15 15 22 22 22 22 22 22 22 22 22 22 15 15 15 15 15 15 15 15 15 3 3 3 3 3 3 3
3 3 3 3 3 3 3 3 3 22 22 22 22 22 22 22 22 3 3 3 3 3 3 3 3
0 0 0 0 0 0 0 0 0 0 0 5 5 5 5 5 5 5 5 5 5 0 0 0
11 11 11 11 11 11 11 17 17 17 17 17 17
22 22 22 22 22 20 20 20 20 20 22 22 22 22 22 22 22 22 22 22
22 22 22 22 22 22 22 22 22 22 10 10 10 10 10 10 10 22 22 22 22 22 22 22
6 6 6 6 6 6 16 16 16 16 16 16 16 16 16 16 16 16 16 16 16 16 16 16 6 6 6 6 6 6
13 13 13 13 13 13 13 13 13 13 13 13 13 22 22 22 22 22 22 22 22 22 13 13 13 13 13 13 13 13 13 13 13 22 22 22 22 22 22 22 22 13 13 13 13 13 13 13 13 13
3 3 3 17 17 17 17 17 17 17 17 17 3 3 3 3 3 3 3 3 3 3
1 1 1 1 1 1 1 1 1 19 19 19 19 19 19 19 19 1 1 1 1 1 1 1 1 1 19 19 19 19 19
10 10 10 10 10 18 18 18 18 18 18 18 18 18 18 4 4 4 4 4 10 10 10 10 10 10 10 10 10 10 18 18 18 18 18 18 18 18 18 18 18
5 5 5 5 5 5 5 5 5 5 20 20 20 20 20 20 20 20 20 20 20 20 5 5 5 5 5 5 5 5 20 20 20 20 20
16 16 16 16 16 16 16 16 16 7 7 7 7 7 7 7 7 7 7 7 16 16 16 16 16 16 16 16 16 16 16 16 16 16 16 16
13 13 13 13 13 13 13 13 13 13 13 13 17 17 17 17 17 17 17 17 13 13 13 13 13 13 13 13 13 13 13 13 17 17 17 17 17 17 17 17 17 17 17
22 22 22 22 22 22 22 22 22 22 22 22 22 17 17 17 17 17 17 17 17 17 17 17 17 17 17 22 22 22 22 22 22 22 22 17 17 17 17 17 17 17 17 17 17
20 20 20 20 20 20 20 20 20 20 20 20 21 21 21 21 21 20 20 20 20 20 20 20 20 20 20 20 20 21 21 21 21 21
5 5 5 5 5 5 5 5 5 5 5 17 17 17 17 17 17 17 17 17 17 17 17
11 11 11 11 11 11 11 11 11 11 11 11 5 5 5 5 5 5 5 5 5 5 5 5 5 5 5 22 22 22 22 22 22 22 22 22 22 22
19 19 19 19 19 19 19 22 22 22 22 22 22 22 22 22
9 9 9 9 9 9 9 9 9 17 17 17 17 17 17 17 17 17 17 17 15 15 15 15 15 15 15 15
0 0 0 0 5 5 5 5 5 5 5
22 22 22 22 22 22 3 3 3 3 3 3 3 3 3 22 22 22 22 22 22 22 22 22 22 22
17 17 17 17 17 17 17 17 17 17 17 17 17 17 3 3 3 3 21 21 21 21 21 21 21 21 21
18 18 18 18 18 18 18 18 18 18 18 18 18 18 18 3 3 3 3 3 3 3 3 3 3 3 3 3
22 22 22 22 22 22 22 22 22 13 13 13 13 13 13 13 13 13 22 22 22 22 22 22 22 22 22 22
4 4 4 4 4 4 4 6 6 6 6 6 6 6 6 6 6 4 4 4 4 4 4 4 4 4 4 4 4 4 4
22 22 22 22 22 22 22 22 22 22 3 3 3 3 3 3 3 22 22 22 22 22 22 22 22
18 18 18 18 18 22 22 22 22 22 22 22 22 22 22 18 18 18 18 18 18 18 18 22 22 22 22 22 22 22 22 22 22 18 18 18 18 18 18 18 18 18 18 18
22 22 22 22 22 22 22 22 22 22 22 22 22 13 13 13 13 13 13 13 13 13 13 13 13 22 22 22 22 22 22 22
22 22 22 22 22 22 22 22 0 0 0 0 0 0 0 0 0 0 0 0 20 20 20 0 0 0 0 0 0 0 0 0 0 0 20 20 20 20
0 0 0 0 12 12 12 12 12 12 12 12 12 12 12 12 12 0 0 0 0 0 0 0 0 0
19 19 19 19 19 19 19 19 19 12 12 12 12 12 19 19 19 19 19 19 19 19 12 12 12 12 12 12 12 12 19 19 19 19 19 19 19 19 19
22 22 22 22 22 22 22 20 20 20 20 20 20 20 20 20 20 20
22 22 22 22 22 22 22 22 22 22 22 22 22 20 20 20 20 20 20 20
14 14 14 14 14 14 14 14 14 14 22 22 22 22 22 22 22 22 22 22 14 14 14
4 4 4 4 4 4 4 4 4 4 4 4 4 4 22 22 22 22 22 4 4 4 4 4 4 4 4 4 4 4
12 12 12 12 12 12 12 12 11 11 11 11 11 11 11 11 11 12 12 12 12 12 12 12 11 11 11 11 11 11 11 11
9 9 9 9 9 9 9 9 9 1 1 1
13 13 13 13 13 13 16 16 16 16 16 16 16 16 16 13 13 13 13 13 13 13 13 13 13 13 16 16 16 16 16 16 16 16 13 13 13 13 13 13 13 13 13 13
22 22 22 22 22 22 22 22 22 22 22 3 3 3 3 3 3 3 3 3 3 3 3 3 9 9 9 9 9 9 3 3 3 3 3 3 3 22 22 22 22 22 22 22 22 22 22
5 5 5 5 5 5 5 5 5 5 19 19 19 19 1 1 1 1 1 1 1 0 0 0 0 0 0 0 0 0 0 0 0 0
12 12 12 12 12 3 3 3 3 3 3 3 12 12 12 3 3 3 3 3 3 3 3 3 3 3 3 3 3
17 17 17 17 17 17 17 17 17 17 17 17 17 22 22 22 22 13 13 13 13 13 13 13 13 13
13 13 13 13 9 9 9 9 9 9 13 13 13 13 13 13 13 13 13 9 9 9 9 9 9 9 9 9 9
17 17 17 17 17 17 17 17 17 7 7 7 7 7 7 7 7 7 7 7 7 7 17 17 17 17 17 17 17 17 17
4 4 4 4 4 4 4 4 4 14 14 14 14 14 14 14 14 14 14 9 9 9 9 9 9 22 22 22 7 7 7 7 7 7 7 7 7 7 7 7 7
8 8 8 8 8 8 8 22 22 22 22 22 22 22 22 22 22 22 22 8 8 8 8 8 22 22 22 22 22 22 22 8 8 8 8 8 8 8 8
22 22 22 22 22 22 22 13 13 13 13 13 13 13 13 13 13 13 13 13 22 22 22 22 22 22 22 22 22 22 22 13 13 13 22 22 22 22 22 22 22 22 22
22 22 22 22 22 22 22 22 22 22 22 22 22 22 5 5 5 5 5 5 5 5 22 22 22 22 22 22 22 22 22 22 22 22 22 22 5 5 5 5 5 5 22 22 22 22 22 22 22 22 22 22 22 22
19 19 19 19 19 19 19 19 19 3 3 3 3 3 3 19 19 19 19 3 3 3 3 3
17 17 17 17 17 17 17 13 13 13 13 13 13 13 13 13
11 11 11 11 11 11 11 11 11 11 11 11 22 22 22 22 22 22 11 11 11 11 11 11 11 5 5 5 5 5 5 5 5 5 5 5
7 7 7 7 7 7 7 19 19 19 19 19 19 19 19 19
18 18 18 18 18 18 18 18 18 17 17 17 17 17 17 17 17 17 17 17 17 18 18 18 18 18 18 18 18 18 18 18 18 18 17 17 17 17 17 17 17 17 17 18 18 18 18 18 18
11 11 11 11 11 11 11 11 20 20 20 20 20 20 20 20 11 11 11 11 11 11 11 11 11 20 20 20 20 22 22 22 22 22 22 22 22
22 22 22 22 22 22 22 22 13 13 13 13 22 22 22 22 22 22 22 9 9 9 9 9 9 9 9 9 9 9 9 13 13 13 13 13 13 13
9 9 9 9 22 22 22 22 22 22 22 22 22 22 22
20 20 20 20 20 20 20 20 20 20 20 20 20 20 20 20 12 12 12 12 12 1 1 1 1 1 1 1 1 1 1 1 12 12 12 12 12 12 12 12 12 12 12 1 1 1 1 1 1 1 1 1 1
15 15 15 15 15 13 13 13 13 13 15 15 15 15 15 15 15
16 16 16 16 16 16 5 5 5 5 5 5 5 5 5 5 5 5 5 5 5 5 3 3 3 3 3 3 3 3 3 3 3 3
22 22 22 22 22 22 22 22 0 0 0 0 0 0 0 0 0 5 5 5 5 5
22 22 22 22 22 22 22 22 22 22 5 5 5 5 5 5 5 5 22 22 22 22 22 22 22 22 22
19 19 19 19 19 19 19 19 19 1 1 1 1 1 1 1 1 19 19 19 19 19 19 14 14 14 14 14 14 14 14 14 14 14 14 14
4 4 4 4 4 4 4 4 4 16 16 16 16 16 16 16 4 4 4 4 4 22 22 22 22 22 22 22 22 22 22
3 3 3 3 3 3 3 3 3 22 22 22 22 22 3 3 3 3 3 3 22 22 22 22 22 22 22 22 22 22 3 3 3 3
6 6 6 6 6 20 20 20 20 20 20 20 20 20 20 20 20 20 6 6 6 20 20 20 20 20 20 20 20 20 20 20 20 20 20 6 6 6 6 6 6
7 7 7 7 7 3 3 3 3 3 3 3 3 3 3 3 3 3 5 5 5 5 5 5 5 5 7 7 7 7 7 7 7 7 7 7
22 22 22 22 22 22 22 22 22 22 22 22 22 22 1 1 1 1 1 1 2 2 2 2 2 2 2 2 2 2 2 2 10 10 10 10 10 10 19 19 19 19 19 19 19 19 19 19 19 19
5 5 5 5 5 5 5 5 5 5 5 5 22 22 22 22 22 22 22 22 22 22 22 22 22 22 22 22 22 22 22 22 22 22 22 5 5 5 5 5 5
0 0 0 0 0 0 0 0 0 0 0 10 10 10 10 10 10 10 10 10 0 0 0 0 0 0 0 0 0 10 10 10 10 10 10 10 0 0 0 0 0 0 0 0 0
9 9 9 9 9 9 9 9 9 19 19 19 19 19 19 19 19 19 0 0 0 0 0 0 0
3 3 3 3 3 3 3 3 3 7 7 7 7 7 7 7 7 7 7 14 14 14 14 14 14 14 14 14 14 14 14 14
16 16 16 16 16 16 16 16 4 4 4 4 4 4 4 4 4 4 4 4
16 16 16 16 14 14 14 14 14 14 14 14 14 14 14
19 19 19 19 19 19 19 19 19 7 7 7 7 7 7 7 7 7 7 7 19 19 19 19 19 19 19 19 19 19
22 22 22 22 22 22 22 22 22 22 22 22 4 4 4 4 4 4 4 4 22 22 22 22 22 22 22 22 22 22 22 22
0 0 0 0 22 22 22 22 22 22 22 22 22 22 0 0 0 0 0 0 0 22 22 22 22 22 22 22 22 0 0 0 0 0 0 0 0 0 0 0 0 0
3 3 3 3 3 3 3 3 3 3 3 22 22 22 22 22 22 22 22 22 22 22 3 3 3 3 3
4 4 4 4 4 14 14 14 14 14 14 14 22 22 22 22 22 22 22
9 9 9 9 9 9 9 9 9 9 9 9 16 16 16 16 16 16 16 16 16 16 9 9 9 9 9 9 9 9 9 9 9 9 9
22 22 22 22 22 17 17 17 17 17 17 17 17 17 17 21 21 21 21 21 21 21 21 21 15 15 15 15 15
12 12 12 12 12 12 12 3 3 3 3 3 3 3 3 3 3
13 13 13 13 13 13 13 13 13 13 9 9 9 9 9 9 9 13 13 13 13 13 13 13 13 13 13 13 9 9 9 9 9 9 9 9 9
20 20 20 20 20 20 20 20 20 20 13 13 13 13 13 13 13 13 20 20 20 20 20 20 20 20 20 20 13 13 13 13 13 13 13 13 13 13 13 13 13
7 7 7 7 7 7 7 7 7 7 7 20 20 20 20 20 20 20 20
0 0 0 0 0 0 0 0 0 0 0 13 13 13 13 13 13 13 13
22 22 22 22 22 22 22 13 13 13 13 13 13 13 13 13 13
5 5 5 5 5 5 22 22 22 22 22 22 22 22 22 22
20 20 20 20 20 20 20 20 12 12 12 12 12 12 12 12 12 12 12 12 12 20 20 20 20 20 12 12 12 12 12 12 12 12
22 22 22 22 22 22 22 22 22 22 22 22 22 13 13 13 13 13 13 13 13 13 13 13 13 13 13
4 4 4 4 4 4 16 16 16 16 16 16 16 4 4 4 4 4 4 4 16 16 16 16 4 4 4 4 4 4 4 4 4 4 4 4
13 13 13 13 13 13 13 13 13 13 7 7 7 7 7 7 7 7 7 7 7 7 7 7 13 13 13 13 13 13 13
22 22 22 22 22 22 22 22 22 22 22 22 22 22 17 17 17 17 17 17 17 17 17 17 17 17 22 22 22 22 22 22 22 0 0 0 0 0 0 0 0 22 22 22 22 22 22 22 22
3 3 3 3 3 3 3 3 3 3 3 22 22 22 22 22 22 22 22 22 22 22 15 15 15 15 15 15 15 15 15 15 15
16 16 16 16 16 16 16 16 16 16 13 13 13 13 13 13 13 16 16 16 16 16 16
16 16 16 16 16 16 16 12 12 12 12 12 12 12 22 22 22 22 22 22 22 11 11 11 11 11 11 11 11 14 14 14 14 14 14 14
18 18 18 18 18 18 18 17 17 17 17 17 17 17 17 17 17 11 11 11 11 11 11 11 11 11
14 14 14 14 14 14 14 14 14 22 22 22 22 22 22 14 14 14 14 14 14
5 5 5 5 5 19 19 19 19 19 19 19 19 19 19 19 19 5 5 5 5 5 5 5 5 5 5 5 5 19 19 19 19 19 19 19
3 3 3 3 3 3 3 3 3 3 3 13 13 13 13 13 13 13 13 13 3 3 3 3 3 13 13 13 13 13 13 13
16 16 16 16 16 16 16 1 1 1 1 1 1 19 19 19 19 19 16 16 16 16 16 19 19 19 19 19 19 19 19 19 19 19 19
6 6 6 6 6 6 6 20 20 20 20 20 20 20 20 20 20 20 6 6 6 6 6 6 6 6 6
7 7 7 7 7 7 7 7 3 3 3 3 3 3 3 3 3 3 3 7 7 7 7 7 7 7 7 7 3 3 3 3 3 3 3 3
10 10 10 20 20 20 20 20 20 20 20 20 0 0 0 0 0 0 0 0 0 0 0 0 0 0 0
7 7 7 7 7 7 7 7 7 22 22 22 22 22 22 22 22 7 7 7 7 7 7 7 7 22 22 22 22
19 19 19 19 19 19 19 19 19 20 20 20 20 20 20 20 20 20 20 19 19 19 19 19 19
22 22 22 22 22 22 22 1 1 1 1 1 1 1 22 22 22 22 22 22 22 22
0 0 0 0 0 0 0 0 22 22 22 22 22 22 22 22 22 0 0 0 0 0 0 0 0 0 0 0 0 22 22 22 22 22 22 22 22 22 22 22 0 0 0 0 0 0 0 0 0 0 0 0
9 9 9 9 9 9 9 9 9 9 9 9 9 9 22 22 22 22 22 22 22 22 22 9 9 9 9 9 9 9 9 9 9 9 22 22 22 22 22 22 22 22 22 22 22 9 9 9
22 22 22 22 22 10 10 10 10 10 10 10 22 22 22 22 22 22 22 22 22 22 22 22
20 20 20 20 20 20 0 0 0 0 0 0 0 0 20 20 20 20 20 20 20 0 0 0 0 0 20 20 20 20 20
11 11 11 11 11 11 13 13 13 13 13 13 13 13 13 13 13 13 11 11 11 11 11 11 11 11 13 13 13 13 13 13 13 13 13 13 11 11 11 11 11 11 11 11 11 11 11
7 7 7 7 7 7 7 7 7 7 19 19 19 19 19 19 19 19 19 1 1 1 1 1 1 1 1 1 1 1
0 0 0 0 0 0 0 0 21 21 21 21 21 21 0 0 0 0 0 0 0 0 0 0 0 0 21 21 21 21 21 21 21 21 21 21 21 21
13 13 13 13 13 13 13 13 13 13 17 17 17 17 17 17 17 17 17 17 17 17 13 13 13 13 13 13 17 17 17 17 17 17 17 17 17 17 17
7 7 7 7 7 7 7 7 7 9 9 9 9 9
22 22 22 22 22 22 22 22 22 7 7 7 7
22 22 22 22 22 22 22 22 22 22 13 13 13 13 13 13 13 22 22 22 22 22 22 22 13 13 13 13 13 13 13 13 13 13 13
22 22 22 22 22 22 22 22 5 5 5 5 5 5 22 22 22 22 22 22 22
9 9 9 9 9 9 9 9 9 9 3 3 3 3 3 3 22 22 22 22 22 22 22 22 22 22 22 7 7 7 7 7 7 7
9 9 9 9 9 9 9 22 22 22 22 22 22 22 22 22 22 22 20 20 20 20 20 20 20 20 13 13 13 13 13 13 13 13 13 13 13
9 9 9 9 9 9 9 9 9 0 0 0 0 0 0 0 0 0 0 0 0 9 9 9 9 9
0 0 0 0 0 3 3 3 3 3 3 3 3 3 3 3 3 3 3 3 3 3 3 0 0 0 0 0 0 0 0 7 7 7 7 7 7 7 7
9 9 9 9 9 9 14 14 14 14 14 14 14 14 14 14 14
0 0 0 0 0 0 0 0 0 0 9 9 9 9 9 0 0 0 0 0 0 0 0 0 0
20 20 20 20 20 4 4 4 4 4 4 4 4 4 4 4 4 4 4 4 4 16 16 16 16 16 16
22 22 22 22 22 22 22 22 22 22 22 13 13 13 13 13 13 13 13 22 22 22 22 22 13 13 13 13 13 13 13 13 13 13
22 22 22 22 22 22 22 22 5 5 5 5 5 5 5 5 5 5 5 22 22 22 22 22 22 22
20 20 20 20 20 20 20 20 20 20 20 20 14 14 14 14 14 14 14 14
13 13 13 13 13 13 13 13 13 13 13 13 13 13 11 11 11 11 11 11 11 11 11 11 11 11 11 3 3 3 3
0 0 0 0 0 0 0 0 0 0 0 20 20 20 20 20 20 20 20 0 0 0 0 0 0 0
22 22 22 22 22 22 22 22 7 7 7 7 7 7 7 22 22 22 22 22 22 22 22 7 7 7 7 7 7 7 7 22 22 22 22 22 22 22
5 5 5 5 5 5 5 5 5 5 5 5 5 5 5 5 5 5 5 5 5 20 20 20 20 20 20 20 20 20 20 20 20 5 5 5 5 5 5 5 5 5 20 20 20 20 20 20 20 20 20 5 5 5 5 5 5 5 5 5 5
13 13 13 13 13 13 13 13 13 13 13 13 13 20 20 20 20 7 7 7 7 7 7 7 7 7
21 21 21 21 13 13 13 13 13 13 13 13 13 13 13 13 13 13 13 13 21 21 21 21 21 21 21 21 13 13 13 13 13 13 13 13 13 13 13 13 13 13 13 13 13 13 21 21 21 21 21 21 21
3 3 3 3 3 3 3 3 3 11 11 11 11 11 11 11 11 11 3 3 3 3 3 3 3 3 3 3 3 3 3 3
22 22 22 22 22 22 22 22 22 20 20 20 22 22 22 22 22 22 22 22 22 22 22 22 20 20 20 20 20 20 20 22 22 22 22 22 22 22 22 22 22 22 22 22
3 3 3 17 17 17 17 17 17 17 17 17 3 3 3 3 3 3 3 3 17 17 17 17 17 17 17 17 17 17
14 14 14 14 14 14 7 7 7 7 7 14 14 14 14 14 14 7 7 7 7 7 7 7 7 7 7 7
13 13 13 13 13 13 13 13 4 4 4 4 4 4 4 4 4 4 13 13 13 13 13 13 13 13 13 13 13 4 4 4 4 4 4 13 13 13 13 13 13 13 13 13 13
22 22 22 22 22 22 22 22 22 22 22 22 22 22 22 22 18 18 18 18 18 18 18 22 22 22 22 22 22 22 22 18 18 18 18 18 18 18 18 18 18 18 18
22 22 22 22 22 22 22 22 22 9 9 9 9 9 9 9 9 9 9 9 9 22 22 22 22 22 22 22 22
17 17 17 17 17 9 9 9 9 9 9 9 22 22 22 22 22 22 22 22
5 5 5 5 5 5 5 5 5 5 5 5 5 22 22 22 22 22 22 22 5 5 5 5 5 5 5 13 13 13 13 13 13 13 13 13 13 13 13 13 13 13 13 13 13 13
22 22 22 22 22 22 22 22 22 22 9 9 9 9 9 22 22 22 22 22 22 22 22 22 22 22 22 22 22 13 13 13 13 13 13 13 13 13 13
8 8 8 8 8 22 22 22 22 22 8 8 8 8 8 8 8 8 22 22 22 22 22 22 22 22 22 22 22 8 8 8 8 8 8 8 8 8 8
2 2 2 2 2 2 2 2 2 2 1 1 1 2 2 2 2 2 2 2 2 2
20 20 20 19 19 19 19 19 19 19 19 19 20 20 20 20 20 20 20 20 19 19 19 19 19 19 19 19 19 19 19 19
19 19 19 19 19 1 1 1 1 1 1 1 1 1 19 19 19 19 19 19 19 1 1 1 1 1 1 19 19 19 19 19 19 19 19 19 19
3 3 3 3 22 22 22 22 22 22 22 22 22 22 22 22 22 22 3 3 3 3 3 3 22 22 22 22 22 22 22 22 22
13 13 13 13 13 13 13 13 13 22 22 22 22 22 22 22 22 22 22 22 22 13 13 13 13 13 13 13 13 13 13
8 8 8 8 8 8 8 9 9 9 9 9 9 9 9 9 9 9 9 8 8 8 8 8 8 9 9 9 9 9
22 22 22 22 22 22 22 22 22 5 5 5 5 5 5 5 22 22 22 22 22 22 22 22 22 22 22
0 0 0 0 0 0 0 0 21 21 21 21 21 21 0 0 0 0 0 0 0 0 0 21 21 21 21 21 21 21 21 21
7 7 7 19 19 19 19 19 19 19 19
16 16 16 4 4 4 4 4 4 4 22 22 22 22 22 22 22 22 22 22 14 14 14 14 14 14
0 0 0 0 22 22 22 22 22 22
0 0 0 0 4 4 4 4 4 4 4 4 4 0 0 0 0 0 0 0 0 0 0 0 0 4 4 4 4 0 0 0 0 0 0 0 0 0
5 5 5 5 5 22 22 22 22 22 22 22 22 22 5 5 5 5 5 5 5 5 5 5 0 0 0 0 0 0 0 0 5 5 5 5 5 5 5
22 22 22 22 22 22 22 22 22 22 22 22 22 22 8 8 8 8 8 22 22 22 22 22 22 22 8 8 8 8 8 8 8 22 22 22 22 22 22 22 22 22 22
16 16 16 16 16 16 16 16 16 16 3 3 3 3 16 16 16 16 16 16 16 16 16 3 3 3 3 3 3 3 3 3 3 3 3 3 3 3 3 16 16 16 16 16 16 16 16 16
5 5 5 5 5 5 5 5 5 22 22 22 22 22 22 22 22 22 5 5 5 5 5 5 5 5
3 3 3 3 3 3 3 3 3 3 3 3 3 3 22 22 22 22 22 22 22 22 22 3 3 3 3 3 3 3 3 3 22 22 22 22 22 22
4 4 4 4 4 4 4 20 20 20 20 20 20 20 4 4 4 4 4 4 4 4 4 4 21 21 21 21 21 21 21 21 20 20 20 20 20
5 5 5 5 5 5 5 5 5 5 5 5 5 5 5 22 22 22 22 22 22 22 22 22 22 22 5 5 5 5 5 5 5 22 22 22 22 22 22 5 5 5 5 5 5 5 5 5
16 16 16 16 16 16 16 16 16 16 20 20 20 20 20 20 20 20 20 20 20 4 4 4 4
0 0 0 0 0 0 0 0 0 0 0 0 22 22 22 22 22 22 22 22 10 10 10 10 10 10 10
1 1 1 1 1 1 1 1 3 3 3 3 3 3 3 12 12 12 12 12 12 8 8 8 8 8 8 8 8 16 16 16 16 16 16 16 16 16
6 6 6 6 6 6 3 3 3 3 3 3 3 3 3 4 4 4 4 4 4 4 4 4 4 4 4 3 3 3 3 3 3 3 3 3 4 4 4 4 4 4 4
22 22 22 22 22 22 22 5 5 5 5 5 5 5 5
22 22 22 22 22 22 22 22 22 9 9 9 9 9 9 22 22 22 22 22 22 22 22 22 9 9 9 9 9 9 9
22 22 22 22 22 22 22 22 17 17 17 17 17 22 22 22 22 22 22 17 17 17 17 17 17 17 17 17
18 18 18 18 18 18 18 18 18 18 18 13 13 13 13 13 13 13 13 13 18 18 18 18 18 18 18 10 10 10 10 10 10 10 10
3 3 3 3 3 3 3 3 3 3 3 3 3 3 3 3 3 22 22 22 22 22 22 22 22 22
12 12 12 12 12 12 12 12 12 12 12 3 3 3 3 3 3 3 3 3 12 12 12 12 12 12 12 12 3 3 3 3 3 3 12 12 12 12 12 12 12 12 12 12
9 9 9 9 9 9 9 9 13 13 13 13 13 13 13 13 13 13 13 13 22 22 22 22 22 22 22 22 13 13 13 13 13 13 22 22 22 22 22 22 22 22 22
3 3 3 3 3 3 3 3 3 7 7 7 7 7 7 7 3 3 3 3 3 3 3 7 7 7 7 7 7 7 7
22 22 22 22 22 22 22 22 22 3 3 3 3 3 3 3 3 3 3 3 3 3 3 3 22 22 22 22 22 22 22 22 3 3 3 3 3 3 3
14 14 14 14 14 14 13 13 13 13 13 14 14 14 14 14 14 14 14 13 13 13 13 13 13 13 13 13 13 13 13 13 13
22 22 22 22 22 3 3 3 22 22 22 22 22 22 3 3 3 3 3 3 3 3 3 3 22 22 22 22
3 3 3 3 3 3 3 3 3 3 12 12 12 12 12 12 12 12 12 12 12 12 12
11 11 11 11 11 11 12 12 12 12 12 12 0 0 0 0 0 0 0 0 0
19 19 19 19 19 19 19 19 22 22 22 22 22 22 22 22 22 22 16 16 16 16 16 16 16 16 16 16 16 16 19 19 19 19 19 19 19 19 19 19 19
22 22 22 22 22 22 22 22 5 5 5 5 5 5 5 5 5 5 5 10 10 10 10 10 10 10 10 10 10
16 16 16 16 16 16 16 16 22 22 22 22 22 22 22 22 22 22 22 22 22 22 3 3 3 3 3 3 3 3 3
22 22 22 22 22 22 12 12 12 12 12 12 12 12 12
11 11 11 11 11 11 11 11 11 11 11 11 11 13 13 13 11 11 11 11 11 13 13 13 13 13 13 13 13 13 13 13 11 11 11 11 11 11 11 11 11
20 20 20 20 20 20 20 22 22 22 22 22 22 22 22 20 20 20 20 20 20 20 20 20 20 20 22 22 22 22 22 22 22 22 22 22 22 20 20 20 20 20 20
9 9 9 9 9 9 22 22 22 22 22 22 22 22 22 22 22 9 9 9 9 9 9 9 9 9 9 9 22 22 22 22 22 22 22 22 22 9 9 9 9 9 9 9
0 0 0 0 0 0 0 0 0 0 20 20 20 20 20 20 20 20 20 20
9 9 9 9 13 13 13 13 13 13 13 13 9 9 9 9 9 9 9 9 9 9 13 13 13 13 13 13 13 13
13 13 13 13 13 13 13 13 13 13 13 13 13 9 9 9 9 9 9 9 9 9 13 13 13 13 13 13 13 13
3 3 3 3 3 3 3 3 3 3 13 13 13 13 13 13 13 13 13 13 13 13 13 13 13 13 13 3 3 3 3 3 3 3 3 3 3 3 3 3 13 13 13 13 13 13 13 3 3 3 3 3 3 3 3 3 3 3
16 16 16 16 16 16 5 5 5 5 5 5 5 5 5 5 5 16 16 16 16 16 16 16 16 16 16 16 16 16 16 16 16 16 5 5 5 5 5 5 5 16 16 16 16 16 16
9 9 9 9 9 22 22 22 22 22 22 22 22 9 9 9 9 9 9 9 22 22 22 22 22 22 22 22 22
2 2 2 2 2 2 17 17 17 17 17 2 2 2 2 2 2 2 9 9 9 9 9 9 9 9 9 9
19 19 19 19 22 22 22 22 22 22 22 22 22 22 22 22 22 22 22 22 22 8 8 8 8 8 22 22 22 22 22 22 22 22 22 22
0 0 0 0 0 0 0 0 14 14 14 14 14 14 14 14 14 14 14 14
13 13 13 13 13 13 13 13 2 2 2 2 2 2 2 2 2 2 2 13 13 13
3 3 3 3 3 3 3 3 3 3 3 3 3 3 3 3 22 22 22 22 22 22 22 22 22
16 16 16 16 16 16 16 16 16 16 16 16 16 0 0 0 0 0 0 0 0 22 22 22 22 22 22 22
9 9 9 9 9 9 9 9 9 19 19 19 19 19 19 19 19 19 19 19 19 19 9 9 9 9 9 19 19 19 19 19 19 19 19 19 19
22 22 22 22 22 18 18 18 18 18 18 18 18 18 18 18 18 18 18 22 22 22 22 22 22 22 22 22 22 22 22 22 22 18 18 18 18 18 22 22 22 22 22 22 22 22 22
15 15 15 15 15 15 15 15 22 22 22 22 22 22 22 22 15 15 15 15 22 22 22 22 22 22 22 22 22 22 22 22 15 15 15 15 15 15 15 15 15
13 13 13 13 13 13 13 22 22 22 22 22 22 22 13 13 13 13 13 13 13 13 22 22 22 22 22 22 22 22 22 22 22 22
3 3 3 3 3 3 3 3 3 3 3 19 19 19 19 19 19 19 19 19 19 19
6 6 6 6 6 6 6 6 4 4 4 4 4 4 4 4 6 6 6 6 6 6 6 6 6 4 4 4 4 4 4 4 4 4 4 4 4 6 6 6 6 6 6 6 6
8 8 8 8 22 22 22 22 22 22 22 22 22 22 22 8 8 8 8 8 8 8 8 8 22 22 22 22 22 22 8 8 8 8 8 8 8 8
22 22 22 22 22 8 8 8 8 8 8 8 8 8 22 22 22 8 8 8 8 8 8 8
22 22 22 22 22 22 22 22 22 22 22 17 17 17 17 17 17 17 13 13 13 13 13 13 13 13 22 22 22 22
7 7 7 7 7 7 7 7 7 20 20 20 20 20 7 7 7 7 7 7 7
5 5 5 5 5 5 5 5 4 4 4 4 22 22 22 22 22 22 22 22 5 5 5 5 5 5 5 5 5 5 4 4 4 4 4 4 4 4
11 11 11 11 11 11 11 11 11 11 11 11 17 17 17 17 17 17 17 11 11 11 11 11 11 17 17 17 17 17 17 17 17 11 11 11 11 11 11 11 11
11 11 11 11 11 11 11 11 11 3 3 3 3 3 11 11 11 11 11 11 11 11 11 11 11 11 3 3 3 3 3 3 3 3 3 3 3 3 3
14 14 14 14 14 14 14 14 14 14 14 14 3 3 3 3 3 22 22 22 22 22 22 22 22
12 12 12 12 12 12 12 3 3 3 3 3 1 1 1 1 1 1 1 1 1
19 19 19 19 19 19 0 0 0 0 0 0 0 0 0 0 7 7 7 7 7 7 7 7 7 7 7 0 0 0 0 0 0 0 0 0 0 0 0 0 7 7 7 7 7 7 7 7 7 7 7
18 18 18 18 18 18 18 18 3 3 3 3 3 3 18 18 18 18 18 18 18 18
20 20 20 20 20 19 19 19 19 19 19 19 19 19 19 19
1 1 1 1 1 1 1 1 1 1 0 0 0 0 0 0 1 1 1 1 1 1 1 1 1 1 1
5 5 5 5 5 5 5 5 19 19 19 19 19 19 19 19 19 5 5 5 5 5 5 5 5 5
22 22 22 22 9 9 9 9 9
22 22 22 22 22 22 7 7 7 22 22 22 22 22
11 11 11 11 11 11 11 11 11 11 11 11 11 3 3 3 3 3 3 3 11 11 11 11 11 11 11 11 11 3 3 3 3 3 3 3 11 11 11 11 11 11 11 11 11 11 11 11 11 11 11
13 13 13 13 13 13 13 13 13 0 0 0 0 0 0 0 0 0 0 0 22 22 22 22 22 22 22 22 13 13 13 13 13 13 13 13 13 13 13 13 13 13 13 22 22 22 22 22 22 22 22
5 5 5 5 5 5 20 20 20 20 20 20 20 5 5 5 5 5 5 5 20 20 20 20 0 0 0 0 0 0 0 0 0 0
0 0 0 0 0 0 0 0 0 0 0 0 9 9 9 9 9 9 9 9 9 9 2 2 2 2 2 2 2 2
14 14 14 14 14 14 14 14 14 14 14 22 22 22 22 22 22 22 5 5 5 5 5 5 5 5
13 13 13 13 13 13 13 13 4 4 4 4 4 4 4 13 13 13 4 4 4 4 4 4
6 6 6 6 6 6 6 6 6 0 0 0 0 0 0 0 0 0 3 3 3 3 3 3 3 3 3 3 3 7 7 7 7 7 7 7 7 7 7 7 7 7 7 7 19 19 19 19 19 19 19 1 1 1 1 1 1
11 11 11 11 11 11 11 11 11 22 22 22 22 22 22 22 22 22 11 11 11 11 11 11 11 11 11 11 22 22 22 22 22 22
3 3 3 3 3 3 3 3 3 7 7 7 7 7 7 7 7 7 7 7 7
22 22 22 22 22 22 22 22 22 22 22 1 1 1 1 1
17 17 17 17 17 17 17 17 13 13 13 17 17 17 17 17 17 17 17 17 13 13 13 13 13 13 13 13 13 13 13
22 22 22 22 22 22 22 22 22 22 9 9 9 9 9 9 6 6 6 6 6 6 6
15 15 15 15 15 15 15 15 15 9 9 9 9 22 22 22 22 22 22 22 22 22 15 15 15 15 15 15 15 15 15 15
4 4 4 4 4 4 4 4 4 4 4 4 3 3 3 3 3 3 3
21 21 21 21 21 21 13 13 13 13 13 13 13 13 13 13 13 13 13 13 13
13 13 13 13 13 13 5 5 5 5 5 5 5 5 22 22 22 22 22 22 22 22 22 22 22 11 11 11 11 11 11 11 11 11 11 11 11
13 13 13 13 13 13 13 13 13 3 3 3 3 3 3 3 3 3 13 13 13 13 13 13 13 13 13 13
9 9 9 9 9 9 22 22 22 22 22 22 22
22 22 22 22 22 22 22 22 22 22 22 13 13 13 13 13 13 13 13 22 22 22 22 22 22 22 22 22 22 22 22
9 9 9 9 9 9 9 9 19 19 19 19 19 19 19 19 9 9 9 9 9 9 9 9
19 19 19 19 19 19 19 10 10 10 10 10 10 19 19 19 19 19 19 19 19 19 10 10 10 22 22 22 22 22 22 22
11 11 11 11 11 3 3 3 3 11 11 11 11 11 11 11 11 11 11 11
9 9 9 9 9 9 14 14 14 14 14 14 14 14 14 14 9 9 9 9 9 9 9
0 0 0 0 0 0 0 0 13 13 13 13 13 13 13 13 13 13 13 0 0 0 0 13 13 13 13 13 13 13 13 13 13
7 7 7 16 16 16 16 16 16 1 1 1 1 1 1 1 1 1 1 20 20 20 20 20 20 20 20 20 20
11 11 11 11 11 11 11 11 11 11 11 1 1 1 1 1 1 11 11 11 11 11 11 11 11 11 11 11 11 11 19 19 19 19 19 19 19 19 19 19 2 2 2 2 2 2 2 2 2 2
3 3 3 3 3 3 3 3 3 3 3 19 19 19 19 19 19 19 19 19 3 3 3 3 3 3 3 19 19 19 19 19 19 19 19
0 0 0 0 0 0 0 0 7 7 7 7 7 7 7 7 7 7 1 1 1 1 22 22 22
9 9 9 9 22 22 22 22 22 22 22 22 22 9 9 9 9 9 9 9 9 22 22 22 22 22 22 22 22
13 13 13 13 13 13 13 13 13 13 13 22 22 22 22 22 22 22 22 22 13 13 13 13 13 13 13 13 13 13
19 19 19 19 19 19 13 13 13 13 13 13 13 13 19 19 19 19 19 19 0 0 0 0 0 0 0 19 19 19 19 19 19 19 19 19 19 19
9 9 9 9 9 9 9 9 9 22 22 22 22 22 22 22 22 22 13 13 13 13 13 13 13 13 13 22 22 22 22 22 22 22 22 22 22 22
20 20 20 20 20 20 20 20 20 20 0 0 0 0 0 0 0 0 22 22 22 22 22 22 22 22 22 22 22
13 13 13 13 13 13 13 13 13 13 13 13 13 13 13 17 17 17 17 17 17 17 17 17 17 17 17
22 22 22 22 22 22 22 22 22 10 10 10 10 10 10 10 10 10 10 13 13 13 13 13 13 13 13 13 13 13 13
22 22 22 22 22 13 13 13 13 13 13
7 7 7 7 7 7 7 7 7 7 3 3 3 3 3 3 3 3 7 7 7 7 7 7 7 7 7
2 2 2 2 2 2 2 2 22 22 22 22 22 22 22 22 22 22 22 22 22 22 22 22 22 22 22 2 2 2 2 2
17 17 17 17 17 17 17 17 17 11 11 11 11 11 11
11 11 11 11 11 11 11 11 11 11 3 3 3 3 3 3 3 3 3 3 11 11 11 11 11 11 11 11 3 3 3 3 3 3 3 3 11 11 11 11 11 11 11 11 11 11 11
20 20 20 20 20 20 20 20 20 20 20 20 20 13 13 13 13 13 13 13 13 13 13
22 22 22 22 22 22 22 22 22 22 22 22 15 15 15 15 15 15 15 15 15 15 15 15
21 21 21 21 21 21 21 21 21 21 9 9 9 9 9 21 21 21 21 21 9 9 9 9 9 21 21 21 21 21 21 21
15 15 15 15 15 15 15 15 15 15 22 22 22 22 22 22 22 22 15 15 15 15 15 15 15 15 15 15 15 22 22 22 22 22 22 22 22 22 22 22 22
21 21 21 21 21 21 21 21 21 21 21 13 13 13 13 13 13 13 13 13 13 22 22 22 22 22 22 22 22 22 22
20 20 20 20 20 20 20 20 20 20 20 20 20 20 20 9 9 9 9 9 9 22 22 22 22 22 22
9 9 9 9 9 9 9 9 9 9 9 9 13 13 13 13 13 13 13 13 13 13 13
3 3 3 3 3 3 3 22 22 22 22 22 22 22 22 3 3 3 3 3 3
21 21 21 21 21 5 5 5 5 5 5 5 5 21 21 21 21 21 21 21 21 21 21 21 21 21 21 5 5 5 5 5 5 5 5 22 22 22 22 22 22 22 22 22 22
19 19 19 19 19 19 19 19 19 19 19 19 19 19 1 1 1 1 1 1 1 1 1 1 1 1 17 17 17 17 17 17 17
9 9 9 9 9 9 9 9 9 22 22 22 22 22 22 22 22
4 4 4 4 4 4 4 4 4 4 18 18 18 18 18 18 18 4 4 4 4 4 4 4
16 16 16 16 14 14 14 14 14 14 14 14 14 14 16 16 16 16 16 16 16 16 16 16 16
22 22 22 22 22 22 22 22 22 22 22 13 13 13 13 13 13 13 13
5 5 5 5 5 5 5 5 5 22 22 22 22 22 22 22 22 22 5 5 5 22 22 22 22 22 5 5 5 5 5 5 5 5
1 1 1 1 1 1 0 0 0 7 7 7 7 7 7 7 17 17 17 17 17 13 13 13 13 13 13 13 13 13
5 5 5 5 5 5 5 5 5 22 22 22 22 22 22 22 22
13 13 13 13 13 13 13 13 13 13 13 22 22 22 22 22 22 13 13 13 13 13 13 13 13 13 13 13 13 13 13 13 20 20 20 20 20 20 20 20 20 20 20
10 10 10 10 10 10 10 10 22 22 22 22 22 22 22 22 10 10 10 10 10 10 10 10 10 22 22 22 22 22 22 22 22 22 10 10 10
0 0 0 0 0 0 12 12 12 12 12 12 12 12 12 12 12 0 0 0 0 0 0 0 0
0 0 0 0 0 0 0 0 0 0 0 0 0 0 15 15 15 15 15 15 15 15 0 0 0 0 0 0 0 0
22 22 22 22 22 20 20 20 20 20 20 20 20 20
13 13 13 13 13 13 13 13 13 13 13 17 17 17 17 17 17 17 17 13 13 13 13 13 13 13 13 13 17 17 17 17 17 17 17 17 17 17 17 13 13 13 13 13 13 13 13 13 13 13
22 22 22 22 22 22 22 22 22 22 10 10 10 10 10 10 10 22 22 22 22 22 3 3 3 3 3 3 3 3 3 3 3 3
12 12 12 12 12 12 12 12 12 12 12 12 12 12 22 22 22 22 22 22 22 12 12 12 12 12 12 12 22 22 22 12 12 12 12 12 12 12 12
22 22 22 22 22 22 22 22 22 9 9 9 9 9 9
16 16 16 16 16 16 16 9 9 9 9 9 9 9 9 9 9 9 9 9 16 16 16 16 9 9 9 9 9 9 9 9 9 9 16 16 16 16 16 16 16
9 9 9 9 9 9 9 9 9 9 7 7 7 7 7 7
17 17 17 17 17 17 11 11 11 11 11 11 11 11 11 11 11 11 7 7 7 7 7 7 18 18 18 18 18 18 18
6 6 6 6 3 3 3 3 3 3 3 3 3 3 3 3 3 3 6 6 6 6 3 3 3 3 3 3 3 3 3 3 3 3 3 3 6 6 6 6 6 6 6 6 6
4 4 4 4 4 4 4 4 4 22 22 22 22 22 22 22 22 22 22 22 4 4 4 4
2 2 2 2 2 2 2 2 2 2 2 0 0 0 0 0 0 0 0 0 0 0 2 2 2 2 2 2 2 2 2 2
4 4 4 4 4 4 4 4 16 16 16 19 19 19 19 19 19 19 19
1 1 1 1 1 1 1 19 19 19 19 19 19 19 19 1 1 1 1 1 1
16 16 16 9 9 9 9 9 9 9 9 16 16 16 16 16 16 16 16 16 9 9 9 9 9 9 9 9 9 16 16 16 16 16 16 16 16
11 11 11 11 11 11 11 11 22 22 22 22 11 11 11 11 11 11 11 11 11 11 22 22 22 22 22 22 22 22 22 22
22 22 22 22 22 22 22 7 7 7 7 7 22 22 22 22 22 22 22 22 22 22 22 22 22 22
17 17 17 17 17 17 17 17 17 17 17 18 18 18 18 18 18 18 18 18 21 21 21 21 21 21 21 21 18 18 18 18 18 18
11 11 11 11 11 11 11 11 11 11 0 0 0 0 0 0 0 0 11 11 11 11 11 11 11 11 11 11 11 11
22 22 22 22 22 22 22 22 22 7 7 7 7 7 7 7 7 7 22 22 22 22 22 22
22 22 22 22 22 22 22 22 22 22 22 13 13 13 13 13 13 13 13 13 13 13 13 11 11 11 12 12 12
7 7 7 7 7 7 7 7 7 7 7 19 19 19 19 19 19 19 19 19 19 19 19 7 7 7 7 7 7 7 7 7 7 19 19 19 19 19 19 19
9 9 9 9 9 11 11 11 11 11 11 11 11 11 9 9 9 9 9 9 11 11 11 11 11 11
22 22 22 22 22 22 22 22 22 22 22 20 20 20 20 20 22 22 22 22 22 22 22 22 22 22 22
22 22 22 22 22 22 22 22 22 22 22 13 13 13 13 13 13 13 13 13 13 13 22 22 22 7 7 7 7 7 7 7 7 7
19 19 19 19 19 19 19 19 19 19 19 7 7 7 7 7 7 7 7 7 7 7 19 19 19 19 19 8 8 8 8 8 8 8 8 8
9 9 9 9 9 9 10 10 10 10 10 10 10 13 13 13 13 13 13 13 13 13 13 10 10 10
22 22 22 22 22 22 22 22 13 13 13 13 13 13 13 13 13 22 22 22 22 22 22 22 22 22 13 13 13 13 13 13 13 13 13 13
2 2 2 2 2 2 2 2 2 22 22 22 22 22 22 2 2 2 2 2 2 2
22 22 22 22 22 22 22 22 22 22 22 10 10 10 10 10 10 10 10 10 22 22 22 22 22 22 22 22 22 22 22 22
9 9 9 9 9 9 9 9 9 22 22 22 22 22 22 22 13 13 13 13 13 13 13 13 13 13 13 13 13 13 13 20 20 20 20 20 20
4 4 4 4 4 4 4 4 3 3 3 3 3 3 3 3 3 3 3 4 4 4 4
20 20 20 20 22 22 22 22 22 22 22 22 22 22 22 22 22 3 3 3 3 3 3 3 3 3 5 5 5 5 5 5 5 5 5 5 5 5 5 7 7 7 7
22 22 22 22 22 22 22 3 3 3 3 3 3 3 3 3 22 22 22 22 22 22 22 3 3 3 3 3 3 3 3 3 3 3 3
22 22 22 22 22 22 22 17 17 17 17 17 17 17 17 17 9 9 9 9 9 9 9 9 17 17 17 17 17 17 17 17 17 17 17 17 22 22 22 22 22 22 22 22 22 22 22 22 22 22
3 3 3 3 3 3 3 3 22 22 22 22 22 22 3 3 3 3 3 3 3 3 3 3 3 3 22 22 22 3 3 3 3 3 3 3 3 3 3
3 3 3 3 3 3 3 3 3 3 18 18 18 18 18 18 18 18 3 3 3 3 3 3 3 3 3 3 3 3 3 18 18 18 18 18 18 18 18 18 18 18 18 3 3 3 3 3 3 3 3 3 3
22 22 22 22 22 22 22 22 22 22 22 22 13 13 13 13 13 13 22 22 22 22 22 22 22 22 22 22 22 22 19 19 19 19 19 19 13 13 13 13 13 13 13 13
9 9 9 9 9 9 9 9 9 22 22 22 22 22 22 22 22 22 22 22 4 4 4 4 4 4 4 4 4 4
22 22 22 22 22 22 9 9 9 22 22 22 22 22 4 4 4 4 4 4 22 22 22 22 22
11 11 11 11 11 11 11 11 11 11 11 11 11 11 0 0 0 0 0 0 0 0 0 11 11 11 11 11 11 11 11 11 11 11 11 11 0 0 0 0 0 0
3 3 3 3 3 3 3 3 3 3 3 3 3 7 7 7 7 7 7 7 7 7 7 7 7 7 7 3 3 3 3 3 3 3 3 3 3 3 3 7 7 7 7 7 7 7 3 3 3 3 3 3 3 3 3
5 5 5 5 5 5 5 5 5 5 5 1 1 1 1 1 1 1 1 5 5 5 5 5 5 5 5 5 5 1 1 1 1 5 5 5 5 5 5 5
0 0 0 0 6 6 6 6 6 6 6 0 0 0 0 0 0 0 0 0 0
13 13 13 13 13 13 13 12 12 12 12 12 13 13 13 13 13 13 13 13 13 13 13 12 12 12 12 12 12 12 12 12 12 12 12 12 12 13 13 13 13 13 13 13 13
15 15 15 15 15 15 8 8 8 8 8 8 15 15 15 15 15 15 15 15 15 15 15 15 15
3 3 3 3 3 22 22 22 22 22 22 22 22 22 22 22 9 9 9 9 9 22 22 22 22 22 3 3 3 3 3 3 3
22 22 22 22 22 22 22 22 22 22 22 22 13 13 13 13 13 13 13 13 22 22 22 22 22 22 22 22 22 22
8 8 8 8 8 8 8 8 8 8 8 20 20 20 20 20 20 20 8 8 8 8 8 8 8 20 20 20 20 8 8 8 8 8 8 8
13 13 13 13 13 22 22 22 22 22 22 22 22 22 13 13 13 13 13 13 13 13 13 13 22 22 22 22 22 13 13 13 13 13 13 13 13 13 13
1 1 1 1 1 1 1 2 2 2 1 1 1 1 1 1 1 1 1 1 2 2 2 2 2 2 2 2 2 2 2 2 2 1 1 1 1 1 1 1 1 1
13 13 13 13 13 13 13 13 13 13 14 14 14 14 14 14 14 14 14 14 14 14 14 14 14 12 12 12 12 12 12 12 13 13 13 13 13 13 13 13 13 13 13 13 12 12 12 12 12 12 12 12
22 22 22 22 22 9 9 9 9
22 22 22 22 22 22 22 22 22 22 22 22 15 15 15 15 15 15 15 9 9 9 9 9 9 9 9 13 13 13 13
18 18 18 18 18 18 18 18 18 18 18 13 13 13 13 13 13
22 22 22 22 22 22 9 9 9 9 9 9 9 22 22 22 22 22 22 22 22 22 22 22 22 9 9 9 9 9 9 9 22 22 22 22 22 22 22 22 22 22 22 22 22 22 22
22 22 22 22 22 1 1 1 1 1 1 1 1
11 11 11 11 11 11 11 11 11 11 19 19 19 19 19 19 19 19 19 19 19
22 22 22 22 22 22 22 22 9 9 9 9
0 0 0 0 0 20 20 20 20 20 20 20 20 20 20 20 21 21 21 21 21 21 21 21 21 21 21 21 21 21
20 20 20 20 20 20 20 20 20 20 5 5 5 5 5 5 5 5 7 7 7 7 7 7 7 7 7 7 7 7 7 21 21 21 21 21 21 21 21 21 21
3 3 3 3 3 3 3 3 3 3 3 3 3 3 12 12 12 12 12 12 12 12 12 3 3 3 3 3 3 3 3 3 3
5 5 5 5 5 22 22 22 22 22 22 22 22 22 22
9 9 9 9 9 9 9 4 4 4 4 4 4 4 9 9 9 9 9 9 9 9 9 9 9
7 7 7 7 7 7 7 13 13 13 13 13 13 13 13 22 22 22 22
0 0 0 0 0 0 0 0 16 16 16 16 16 16 16 16 16 16 16 5 5 5 5 5 5 5 5 5 5
0 0 0 0 0 20 20 20 20 20 20 7 7 7 7 7 7 22 22 22 22 22 22 22 22 22 22 22 22 22 22 7 7 7 7 7 7 7 7 7 7 7 7 7 7 7 7 7
22 22 22 22 22 22 22 22 22 13 13 13 13 13 13 13 13 13 9 9 9 9 9 9 9 22 22 22 22 22 22 22 22 22 22 22 22
8 8 8 8 8 8 22 22 22 22 22 22 8 8 8 8 8 8 8 22 22 22 22 22
22 22 22 22 22 5 5 5 5 5 22 22 22 22 22 22 22 22 22 22 5 5 5 5 5 5 5 5 5 5 5
4 4 4 4 4 4 4 4 4 9 9 9 9 9 4 4 4 9 9 9 9
4 4 4 4 4 4 4 4 4 4 4 4 13 13 13 13 13 13 13 13 13 13 13 13 13 13 9 9 9 9 9 9 9 9 9
20 20 20 20 9 9 9 9 3 3 3 3 3 3 18 18 18 18 18 18 18
19 19 19 19 19 19 19 19 19 19 19 19 9 9 9 9 9 9 9 9 19 19 19 19 19 19 9 9 9 9 9 9 9 9 9 9 9 9 9 9 9 9
9 9 9 9 9 22 22 22 22 22 22 22 22 13 13 13 13 13 13 13 13
3 3 3 3 3 3 3 3 3 3 3 3 3 3 9 9 9 9 9 9 9 9 13 13 13 13 13 13 13 13 13 13 13 13 13 13
3 3 3 3 3 3 3 7 7 7 7 7 7 7 7 7 7 7 7 7 3 3 3 3 3 3 3 3 3 3 7 7 7 7 7 7
22 22 22 22 22 22 22 7 7 7 7 7 7 22 22 22 22 22 22 22 22 22 22 22
3 3 3 3 3 3 3 3 3 3 3 3 20 20 20 20
7 7 7 7 7 7 7 3 3 3 3 3
3 3 3 3 3 3 3 3 3 7 7 7 7 7 7 7 7 7 7 7 7 7 8 8 8 8 8 8 8 8
22 22 22 22 22 22 22 22 22 22 22 22 16 16 16 16 16 16 16 16 22 22 22 22 22 22 22 22 22
13 13 13 13 13 22 22 22 22 22 22 22 13 13 13 13 13 13 13 13 13 13 13 22 22 22 22 22 22 22 22 22 22 22 11 11 11 11 11 11 11 11 11 11 11
22 22 22 22 22 22 22 17 17 17 17 17 17 17 17 17 22 22 22 22 22 22
16 16 16 16 16 16 16 16 6 6 6 6 6 16 16 16 16 16 6 6 6 6 6 6 16 16 16 16 16 16
13 13 13 13 13 13 13 13 13 13 13 22 22 22 22 22 22 22 22 22 22 13 13 13 13 13 13 13 13 22 22 22 22 22 22 22 22 22 22 22 22 22
6 6 6 6 6 8 8 8 8 8 8 8 8 8 8 8 8 11 11 11 11 17 17 17 17 17 17 17 17 17 22 22 22 22 22 22 22 22 22
19 19 19 4 4 4 4 4 4
5 5 5 5 5 5 5 19 19 19 19 19 19 19 19 19 5 5 5 5 5 5 5
22 22 22 22 22 22 22 22 22 22 22 22 22 5 5 5 5 5 5 5 5 5 22 22 22 22 22 22 22 22 22 5 5 5 5 5 5 5 5 5
8 8 8 8 8 8 8 8 8 16 16 16 16 16 8 8 8 8 8 16 16 16 16 16 16 16 16 16 16 16
22 22 22 22 22 22 22 22 22 22 22 22 5 5 5 5 5 5 5 5 5 5 22 22 22 22 22 22 22 22 22 22 22 5 5 5 5 5 5 5 5 5 5 5 5 5 5
13 13 13 13 13 13 21 21 21 21 21 21 13 13 13 13 13 13 13 13 13 13 7 7 7 7 7 7 7 7 7 7 7 21 21 21 21 21 21 21 21
11 11 11 11 11 11 17 17 17 17 17 17 17 17 17 17 17 11 11 11 11 11 11 11 11 11
0 0 0 0 0 0 0 12 12 12 12 12
3 3 3 3 3 3 3 3 3 3 22 22 22 22 22 22 22 22 22 5 5 5 5 5 5 5 5 5 5 5 5 5 16 16 16 16 16 16 16
14 14 14 14 14 14 22 22 22 22 22 22
11 11 11 11 11 11 11 11 11 11 11 22 22 22 22 22 22 22 11 11 11 11 11 11 11 11 11 22 22 22 22 22 22 22 22 22 11 11 11 11 11 11 11 11 11
22 22 22 22 22 22 22 13 13 13 13 13 13 13 13 21 21 21 21 21 21 21
5 5 5 5 5 5 5 0 0 0 0 2 2 2 2 2 2 22 22 22 22 22 22 22 7 7 7 7
19 19 19 19 19 19 19 19 19 19 1 1 1 1 19 19 19 19 19 19 19
0 0 0 0 0 5 5 5 5
0 0 0 0 0 0 0 0 8 8 8 8 8 8 8 8 8 8 8
9 9 9 9 9 9 20 20 20 20 20 20
13 13 13 13 13 13 13 13 13 13 22 22 22 22 22 22 22 22 22 22 22 13 13 13 13 13 13 13 13 13 13
3 3 3 3 3 3 3 3 5 5 5 5 5 5 5 5 22 22 22 22 22 22 22 22 22 22 22 22
13 13 13 13 13 13 13 13 13 13 13 17 17 17 17 17 17 17 17 17 17 17 13 13 13 13 13 13 13 13 13 13 17 17 17 17 17 17 17 13 13 13 13 13 13 13 13
13 13 13 13 13 13 22 22 22 22 22 13 13 13 13 13 13 13 13 22 22 22 13 13 13 13 13 13 13
22 22 22 22 22 22 22 22 13 13 13 13 13 13 13 13 13 13 13 13 13 13 13 22 22 22 22 22 22 22 22 22 22 22 13 13 13 13 13 13
11 11 11 11 11 11 11 19 19 19 19 19 19 19 19 11 11 11 11 11 11 19 19 19 11 11 11 11 11 11 11 11 11
22 22 22 22 22 22 11 11 11 11 11 11 11 11 15 15 15 15 15 15 15
22 22 22 22 22 22 22 22 22 22 22 10 10 10 10 10 10 10 10 10 10
19 19 19 19 19 19 11 11 11 11 11 11 11 11 11 11 11 19 19 19 19 19 19 19 19 19 11 11 11 11 11 11 11 11 11 11 11 11 11 11 11 11 11 11
21 21 21 21 21 21 1 1 1 1 1 1 1 1 1 21 21 21 19 19 19 19 19 19 19 19 19 19 19 19 1 1 1 1 1 1 1 1
12 12 12 12 12 12 12 12 12 22 22 22 22 22 22 22 22 22 22
1 1 1 1 1 1 14 14 14 14 14 14 14 14 14 14 14 14 1 1 1 1 1 1
22 22 22 22 22 22 20 20 20 20 20 20 22 22 22 22 22 22 22 22 22
0 0 0 0 0 0 0 0 11 11 11 11 11 22 22 22 22 22 22 22 22
19 19 19 19 19 19 19 19 19 0 0 0 0 0 0 0 0 0 19 19 19 19 19 19 0 0 0 0 0 0 0 0 0 0 0 19 19 19 19 19 19 19 19 19
13 13 13 13 13 13 13 13 12 12 12 12 12 12 12 12
13 13 13 13 13 13 13 13 13 11 11 11 11 11 11 11 11 11 11 13 13 13 13 13
13 13 13 13 13 13 13 13 16 16 16 16 16 16 13 13 13 13 13 13 13 13 16 16 16 16 13 13 13 13 13 13 13 13 13 13 13 13
19 19 19 19 19 19 19 19 19 19 22 22 22 22 22 22 22
0 0 0 0 11 11 11 11
2 2 2 12 12 12 12 12 12 2 2 2 2 2 2 2 12 12 12 12 12 12
3 3 3 3 3 3 3 22 22 22 22 22 22 22 22 22 22 22 3 3 3 3 3 3 3 3 3
11 11 11 11 11 11 11 11 11 10 10 10 10 10
12 12 12 12 12 12 16 16 16 16 16 16 16 16 16 16 16 16 16 16 12 12 12 12 12 12 12 12 12 3 3 3 3 3 3 3 3 3 3 3 12 12 12 12 12 12 12 12 12 12 12 12 12 12 12 12
5 5 5 5 5 22 22 22 22 22 22 22 22 22 5 5 5 5 5 5 5 5 22 22 22 5 5 5 5 5 5
13 13 13 13 13 13 13 13 22 22 22 22 22 22 22 22 22 22 22
22 22 22 22 22 22 22 9 9 9 9 9 9 22 22 22 22 9 9 9 9 9 9 9
13 13 13 13 13 13 13 13 13 13 22 22 22 22 22 22 22 22 22 22 22 22 22 13 13 13 13 13 13 13 13 13 13 13 22 22 22 22 22 22 22 22 22 13 13 13 13 13 13 13 13 13 13 13 13
14 14 14 14 14 14 14 14 14 11 11 11 11 11 11 11 11 11 11 11 11 11 19 19 19 19 19 19
11 11 11 14 14 14 14 14 14 14 14 14 12 12 12 12 3 3 3 3 3 3 3 3 5 5 5 5 5 5 5 5 22 22 22 22 22 22 22 22 22 22 22 19 19 19 19 19 19 19 19 19
20 20 20 20 20 7 7 7 7 7 7 7
7 7 7 7 7 7 7 7 7 7 7 9 9 9 9 9 9 9 9 9 9 9 22 22 22 22 22 22 22 20 20 20 20 20 20 20 20 20 20 20
11 11 11 11 11 11 11 11 11 11 0 0 0 0 0 0 0 0 11 11 11 11 11 11 11 11 11
22 22 22 22 22 22 22 22 22 22 22 13 13 13 13 13 13 13 13 14 14 14 14 14 14 14 14
22 22 22 22 22 22 22 4 4 4 4 4 4 4 4 4 4 22 22 22 22 22 22 22 22 22 22 22 22 22 9 9 9 9 9 9 9 9 4 4 4 4 4 4 4 4
13 13 13 13 13 13 13 13 13 13 13 13 13 3 3 3 3 3 3 3 3 3 13 13 13 13 13 13 13 13 12 12 12 12 12 3 3 3 3 3 3
13 13 13 13 13 13 13 13 18 18 18 18 18 18 18 18 18 18 18 18 13 13 13 13 13 13 13 13 18 18 18 18 18 18 18 18
17 17 17 17 17 17 17 17 17 17 17 17 17 17 17 17 22 22 22 22 22 22 22 22 22 22 22 22 17 17 17 17 17 17 17 17 17 22 22 22 22 22
14 14 14 14 14 14 14 14 14 14 9 9 9 9 9 9 9 9 9 14 14 14 14 14 14 9 9 9 9 9 9
7 7 7 7 7 7 7 7 7 7 7 3 3 3 3 3 3 3 3 13 13 13 13 13 13 13 13 13 13 13 9 9 9 9 9 9 9 9 9 9 9 9 9 9 9 9
